Time,Edge ID,Edge Length,NumberOfLane,Lane Name,Jam Length,Density,Mean Speed,Mean Occupancy,Flow,Road State(basedOnJamLength),Road State(basedOnFlow)
06:00:02,L10009,427.63,3,"L10009_2,L10009_1,L10009_0",0.0,0,-0.0,0.0,0,0,NaN
06:00:04,L10009,427.63,3,"L10009_2,L10009_1,L10009_0",0.0,0,-0.0,0.0,0,0,NaN
06:00:06,L10009,427.63,3,"L10009_2,L10009_1,L10009_0",0.0,0,-0.0,0.0,0,0,NaN
06:00:08,L10009,427.63,3,"L10009_2,L10009_1,L10009_0",0.0,0,-0.0,0.0,0,0,NaN
06:00:10,L10009,427.63,3,"L10009_2,L10009_1,L10009_0",0.0,0,-0.0,0.0,0,0,NaN
06:00:12,L10009,427.63,3,"L10009_2,L10009_1,L10009_0",0.0,0,-0.0,0.0,0,0,NaN
06:00:14,L10009,427.63,3,"L10009_2,L10009_1,L10009_0",0.0,0,-0.0,0.0,0,0,NaN
06:00:16,L10009,427.63,3,"L10009_2,L10009_1,L10009_0",0.0,0,-0.0,0.0,0,0,NaN
06:00:18,L10009,427.63,3,"L10009_2,L10009_1,L10009_0",0.0,0,-0.0,0.0,0,0,NaN
06:00:20,L10009,427.63,3,"L10009_2,L10009_1,L10009_0",0.0,0,-0.0,0.0,0,0,NaN
06:00:22,L10009,427.63,3,"L10009_2,L10009_1,L10009_0",0.0,0,-0.0,0.0,0,0,NaN
06:00:24,L10009,427.63,3,"L10009_2,L10009_1,L10009_0",0.0,0,-0.0,0.0,0,0,NaN
06:00:26,L10009,427.63,3,"L10009_2,L10009_1,L10009_0",0.0,0,-0.0,0.0,0,0,NaN
06:00:28,L10009,427.63,3,"L10009_2,L10009_1,L10009_0",0.0,0,-0.0,0.0,0,0,NaN
06:00:30,L10009,427.63,3,"L10009_2,L10009_1,L10009_0",0.0,0,-0.0,0.0,0,0,NaN
06:00:32,L10009,427.63,3,"L10009_2,L10009_1,L10009_0",0.0,0,-0.0,0.0,0,0,NaN
06:00:34,L10009,427.63,3,"L10009_2,L10009_1,L10009_0",0.0,0,-0.0,0.0,0,0,NaN
06:00:36,L10009,427.63,3,"L10009_2,L10009_1,L10009_0",0.0,0,-0.0,0.0,0,0,NaN
06:00:38,L10009,427.63,3,"L10009_2,L10009_1,L10009_0",0.0,0,-0.0,0.0,0,0,NaN
06:00:40,L10009,427.63,3,"L10009_2,L10009_1,L10009_0",0.0,0,-0.0,0.0,0,0,NaN
06:00:42,L10009,427.63,3,"L10009_2,L10009_1,L10009_0",0.0,0,-0.0,0.0,0,0,NaN
06:00:44,L10009,427.63,3,"L10009_2,L10009_1,L10009_0",0.0,0,-0.0,0.0,0,0,NaN
06:00:46,L10009,427.63,3,"L10009_2,L10009_1,L10009_0",0.0,0,-0.0,0.0,0,0,NaN
06:00:48,L10009,427.63,3,"L10009_2,L10009_1,L10009_0",0.0,0,-0.0,0.0,0,0,NaN
06:00:50,L10009,427.63,3,"L10009_2,L10009_1,L10009_0",0.0,0,-0.0,0.0,0,0,NaN
06:00:52,L10009,427.63,3,"L10009_2,L10009_1,L10009_0",0.0,0,-0.0,0.0,0,0,NaN
06:00:54,L10009,427.63,3,"L10009_2,L10009_1,L10009_0",0.0,0,-0.0,0.0,0,0,NaN
06:00:56,L10009,427.63,3,"L10009_2,L10009_1,L10009_0",0.0,0,-0.0,0.0,0,0,NaN
06:00:58,L10009,427.63,3,"L10009_2,L10009_1,L10009_0",0.0,0,-0.0,0.0,0,0,NaN
06:01:00,L10009,427.63,3,"L10009_2,L10009_1,L10009_0",0.0,0,-0.0,0.0,0,0,NaN
06:01:02,L10009,427.63,3,"L10009_2,L10009_1,L10009_0",0.0,0,-0.0,0.0,0,0,NaN
06:01:04,L10009,427.63,3,"L10009_2,L10009_1,L10009_0",0.0,0,-0.0,0.0,0,0,NaN
06:01:06,L10009,427.63,3,"L10009_2,L10009_1,L10009_0",0.0,0,-0.0,0.0,0,0,NaN
06:01:08,L10009,427.63,3,"L10009_2,L10009_1,L10009_0",0.0,0,-0.0,0.0,0,0,NaN
06:01:10,L10009,427.63,3,"L10009_2,L10009_1,L10009_0",0.0,0,-0.0,0.0,0,0,NaN
06:01:12,L10009,427.63,3,"L10009_2,L10009_1,L10009_0",0.0,0,-0.0,0.0,0,0,NaN
06:01:14,L10009,427.63,3,"L10009_2,L10009_1,L10009_0",0.0,0,-0.0,0.0,0,0,NaN
06:01:16,L10009,427.63,3,"L10009_2,L10009_1,L10009_0",0.0,0,-0.0,0.0,0,0,NaN
06:01:18,L10009,427.63,3,"L10009_2,L10009_1,L10009_0",0.0,0,-0.0,0.0,0,0,NaN
06:01:20,L10009,427.63,3,"L10009_2,L10009_1,L10009_0",0.0,0,-0.0,0.0,0,0,NaN
06:01:22,L10009,427.63,3,"L10009_2,L10009_1,L10009_0",0.0,0,-0.0,0.0,0,0,NaN
06:01:24,L10009,427.63,3,"L10009_2,L10009_1,L10009_0",0.0,0,-0.0,0.0,0,0,NaN
06:01:26,L10009,427.63,3,"L10009_2,L10009_1,L10009_0",0.0,0,-0.0,0.0,0,0,NaN
06:01:28,L10009,427.63,3,"L10009_2,L10009_1,L10009_0",0.0,0,-0.0,0.0,0,0,NaN
06:01:30,L10009,427.63,3,"L10009_2,L10009_1,L10009_0",0.0,0,-0.0,0.0,0,0,NaN
06:01:32,L10009,427.63,3,"L10009_2,L10009_1,L10009_0",0.0,0,-0.0,0.0,0,0,NaN
06:01:34,L10009,427.63,3,"L10009_2,L10009_1,L10009_0",0.0,0,-0.0,0.0,0,0,NaN
06:01:36,L10009,427.63,3,"L10009_2,L10009_1,L10009_0",0.0,0,-0.0,0.0,0,0,NaN
06:01:38,L10009,427.63,3,"L10009_2,L10009_1,L10009_0",0.0,0,-0.0,0.0,0,0,NaN
06:01:40,L10009,427.63,3,"L10009_2,L10009_1,L10009_0",0.0,0,-0.0,0.0,0,0,NaN
06:01:42,L10009,427.63,3,"L10009_2,L10009_1,L10009_0",0.0,0,-0.0,0.0,0,0,NaN
06:01:44,L10009,427.63,3,"L10009_2,L10009_1,L10009_0",0.0,0,-0.0,0.0,0,0,NaN
06:01:46,L10009,427.63,3,"L10009_2,L10009_1,L10009_0",0.0,0,-0.0,0.0,0,0,NaN
06:01:48,L10009,427.63,3,"L10009_2,L10009_1,L10009_0",0.0,0,-0.0,0.0,0,0,NaN
06:01:50,L10009,427.63,3,"L10009_2,L10009_1,L10009_0",0.0,0,-0.0,0.0,0,0,NaN
06:01:52,L10009,427.63,3,"L10009_2,L10009_1,L10009_0",0.0,0,-0.0,0.0,0,0,NaN
06:01:54,L10009,427.63,3,"L10009_2,L10009_1,L10009_0",0.0,0,-0.0,0.0,0,0,NaN
06:01:56,L10009,427.63,3,"L10009_2,L10009_1,L10009_0",0.0,0,-0.0,0.0,0,0,NaN
06:01:58,L10009,427.63,3,"L10009_2,L10009_1,L10009_0",0.0,0,-0.0,0.0,0,0,NaN
06:02:00,L10009,427.63,3,"L10009_2,L10009_1,L10009_0",0.0,0,-0.0,0.0,0,0,NaN
06:02:02,L10009,427.63,3,"L10009_2,L10009_1,L10009_0",0.0,0,-0.0,0.0,0,0,NaN
06:02:04,L10009,427.63,3,"L10009_2,L10009_1,L10009_0",0.0,0,-0.0,0.0,0,0,NaN
06:02:06,L10009,427.63,3,"L10009_2,L10009_1,L10009_0",0.0,0,-0.0,0.0,0,0,NaN
06:02:08,L10009,427.63,3,"L10009_2,L10009_1,L10009_0",0.0,0,-0.0,0.0,0,0,NaN
06:02:10,L10009,427.63,3,"L10009_2,L10009_1,L10009_0",0.0,0,-0.0,0.0,0,0,NaN
06:02:12,L10009,427.63,3,"L10009_2,L10009_1,L10009_0",0.0,0,-0.0,0.0,0,0,NaN
06:02:14,L10009,427.63,3,"L10009_2,L10009_1,L10009_0",0.0,0,-0.0,0.0,0,0,NaN
06:02:16,L10009,427.63,3,"L10009_2,L10009_1,L10009_0",0.0,0,-0.0,0.0,0,0,NaN
06:02:18,L10009,427.63,3,"L10009_2,L10009_1,L10009_0",0.0,0,-0.0,0.0,0,0,NaN
06:02:20,L10009,427.63,3,"L10009_2,L10009_1,L10009_0",0.0,0,-0.0,0.0,0,0,NaN
06:02:22,L10009,427.63,3,"L10009_2,L10009_1,L10009_0",0.0,0,-0.0,0.0,0,0,NaN
06:02:24,L10009,427.63,3,"L10009_2,L10009_1,L10009_0",0.0,0,-0.0,0.0,0,0,NaN
06:02:26,L10009,427.63,3,"L10009_2,L10009_1,L10009_0",0.0,0,-0.0,0.0,0,0,NaN
06:02:28,L10009,427.63,3,"L10009_2,L10009_1,L10009_0",0.0,0,-0.0,0.0,0,0,NaN
06:02:30,L10009,427.63,3,"L10009_2,L10009_1,L10009_0",0.0,0,-0.0,0.0,0,0,NaN
06:02:32,L10009,427.63,3,"L10009_2,L10009_1,L10009_0",0.0,0,-0.0,0.0,0,0,NaN
06:02:34,L10009,427.63,3,"L10009_2,L10009_1,L10009_0",0.0,0,-0.0,0.0,0,0,NaN
06:02:36,L10009,427.63,3,"L10009_2,L10009_1,L10009_0",0.0,0,-0.0,0.0,0,0,NaN
06:02:38,L10009,427.63,3,"L10009_2,L10009_1,L10009_0",0.0,0,-0.0,0.0,0,0,NaN
06:02:40,L10009,427.63,3,"L10009_2,L10009_1,L10009_0",0.0,0,-0.0,0.0,0,0,NaN
06:02:42,L10009,427.63,3,"L10009_2,L10009_1,L10009_0",0.0,0,-0.0,0.0,0,0,NaN
06:02:44,L10009,427.63,3,"L10009_2,L10009_1,L10009_0",0.0,0,-0.0,0.0,0,0,NaN
06:02:46,L10009,427.63,3,"L10009_2,L10009_1,L10009_0",0.0,0,-0.0,0.0,0,0,NaN
06:02:48,L10009,427.63,3,"L10009_2,L10009_1,L10009_0",0.0,0,4.12,0.20666666666666667,0,0,NaN
06:02:50,L10009,427.63,3,"L10009_2,L10009_1,L10009_0",0.0,1,7.653333333333333,0.6633333333333333,1,0,NaN
06:02:52,L10009,427.63,3,"L10009_2,L10009_1,L10009_0",0.0,1,7.633333333333333,0.7200000000000001,1,0,NaN
06:02:54,L10009,427.63,3,"L10009_2,L10009_1,L10009_0",0.0,1,11.589999999999998,0.9,1,0,NaN
06:02:56,L10009,427.63,3,"L10009_2,L10009_1,L10009_0",0.0,1,11.68,1.08,1,0,NaN
06:02:58,L10009,427.63,3,"L10009_2,L10009_1,L10009_0",0.0,1,12.07,1.08,1,0,NaN
06:03:00,L10009,427.63,3,"L10009_2,L10009_1,L10009_0",0.0,1,11.71,1.08,1,0,NaN
06:03:02,L10009,427.63,3,"L10009_2,L10009_1,L10009_0",0.0,1,15.866666666666667,1.4400000000000002,1,0,NaN
06:03:04,L10009,427.63,3,"L10009_2,L10009_1,L10009_0",0.0,1,15.453333333333333,1.4400000000000002,1,0,NaN
06:03:06,L10009,427.63,3,"L10009_2,L10009_1,L10009_0",0.0,2,20.03333333333333,1.8,2,0,NaN
06:03:08,L10009,427.63,3,"L10009_2,L10009_1,L10009_0",0.0,2,23.100000000000005,2.16,2,0,NaN
06:03:10,L10009,427.63,3,"L10009_2,L10009_1,L10009_0",0.0,2,23.58,2.16,2,0,NaN
06:03:12,L10009,427.63,3,"L10009_2,L10009_1,L10009_0",0.0,2,27.55666666666667,2.34,2,0,NaN
06:03:14,L10009,427.63,3,"L10009_2,L10009_1,L10009_0",0.0,2,27.97666666666667,2.52,2,0,NaN
06:03:16,L10009,427.63,3,"L10009_2,L10009_1,L10009_0",0.0,2,27.09,2.52,2,0,NaN
06:03:18,L10009,427.63,3,"L10009_2,L10009_1,L10009_0",0.0,3,31.30666666666667,2.8800000000000003,3,0,NaN
06:03:20,L10009,427.63,3,"L10009_2,L10009_1,L10009_0",0.0,3,31.813333333333333,2.8800000000000003,3,0,NaN
06:03:22,L10009,427.63,3,"L10009_2,L10009_1,L10009_0",0.0,3,35.22,2.8800000000000003,3,0,NaN
06:03:24,L10009,427.63,3,"L10009_2,L10009_1,L10009_0",0.0,3,35.25,3.06,3,0,NaN
06:03:26,L10009,427.63,3,"L10009_2,L10009_1,L10009_0",0.0,3,35.37,3.06,3,0,NaN
06:03:28,L10009,427.63,3,"L10009_2,L10009_1,L10009_0",0.0,3,31.36,2.8800000000000003,3,0,NaN
06:03:30,L10009,427.63,3,"L10009_2,L10009_1,L10009_0",0.0,3,35.22,2.8800000000000003,3,0,NaN
06:03:32,L10009,427.63,3,"L10009_2,L10009_1,L10009_0",0.0,3,32.053333333333335,2.8800000000000003,3,0,NaN
06:03:34,L10009,427.63,3,"L10009_2,L10009_1,L10009_0",0.0,3,31.786666666666665,2.8800000000000003,3,0,NaN
06:03:36,L10009,427.63,3,"L10009_2,L10009_1,L10009_0",0.0,3,35.79,3.0500000000000003,3,0,NaN
06:03:38,L10009,427.63,3,"L10009_2,L10009_1,L10009_0",0.0,3,35.43,2.8800000000000003,3,0,NaN
06:03:40,L10009,427.63,3,"L10009_2,L10009_1,L10009_0",0.0,3,31.706666666666667,2.8800000000000003,3,0,NaN
06:03:42,L10009,427.63,3,"L10009_2,L10009_1,L10009_0",0.0,3,35.85,2.6999999999999997,3,0,NaN
06:03:44,L10009,427.63,3,"L10009_2,L10009_1,L10009_0",0.0,3,35.82,2.6999999999999997,3,0,NaN
06:03:46,L10009,427.63,3,"L10009_2,L10009_1,L10009_0",0.0,3,31.813333333333333,2.8800000000000003,3,0,NaN
06:03:48,L10009,427.63,3,"L10009_2,L10009_1,L10009_0",0.0,3,35.04,2.8800000000000003,3,0,NaN
06:03:50,L10009,427.63,3,"L10009_2,L10009_1,L10009_0",0.0,3,31.41333333333333,2.8800000000000003,3,0,NaN
06:03:52,L10009,427.63,3,"L10009_2,L10009_1,L10009_0",0.0,3,31.84,2.8800000000000003,3,0,NaN
06:03:54,L10009,427.63,3,"L10009_2,L10009_1,L10009_0",0.0,3,31.066666666666666,2.52,3,0,NaN
06:03:56,L10009,427.63,3,"L10009_2,L10009_1,L10009_0",0.0,3,31.706666666666667,2.8800000000000003,3,0,NaN
06:03:58,L10009,427.63,3,"L10009_2,L10009_1,L10009_0",0.0,3,30.986666666666665,2.8800000000000003,3,0,NaN
06:04:00,L10009,427.63,3,"L10009_2,L10009_1,L10009_0",0.0,3,35.55,2.8800000000000003,3,0,NaN
06:04:02,L10009,427.63,3,"L10009_2,L10009_1,L10009_0",0.0,3,35.07,2.7100000000000004,3,0,NaN
06:04:04,L10009,427.63,3,"L10009_2,L10009_1,L10009_0",0.0,3,31.253333333333334,2.8800000000000003,3,0,NaN
06:04:06,L10009,427.63,3,"L10009_2,L10009_1,L10009_0",0.0,3,35.7,2.77,3,0,NaN
06:04:08,L10009,427.63,3,"L10009_2,L10009_1,L10009_0",0.0,3,31.653333333333332,2.8800000000000003,3,0,NaN
06:04:10,L10009,427.63,3,"L10009_2,L10009_1,L10009_0",0.0,3,31.253333333333334,2.8800000000000003,3,0,NaN
06:04:12,L10009,427.63,3,"L10009_2,L10009_1,L10009_0",0.0,3,35.160000000000004,3.0533333333333332,3,0,NaN
06:04:14,L10009,427.63,3,"L10009_2,L10009_1,L10009_0",0.0,3,35.07,2.8800000000000003,3,0,NaN
06:04:16,L10009,427.63,3,"L10009_2,L10009_1,L10009_0",0.0,3,35.43,3.06,3,0,NaN
06:04:18,L10009,427.63,3,"L10009_2,L10009_1,L10009_0",0.0,3,35.52,3.06,3,0,NaN
06:04:20,L10009,427.63,3,"L10009_2,L10009_1,L10009_0",0.0,3,34.95,2.763333333333333,3,0,NaN
06:04:22,L10009,427.63,3,"L10009_2,L10009_1,L10009_0",0.0,3,31.46666666666667,2.8800000000000003,3,0,NaN
06:04:24,L10009,427.63,3,"L10009_2,L10009_1,L10009_0",0.0,3,35.37,3.06,3,0,NaN
06:04:26,L10009,427.63,3,"L10009_2,L10009_1,L10009_0",0.0,3,31.066666666666666,2.8800000000000003,3,0,NaN
06:04:28,L10009,427.63,3,"L10009_2,L10009_1,L10009_0",0.0,3,31.599999999999998,2.8800000000000003,3,0,NaN
06:04:30,L10009,427.63,3,"L10009_2,L10009_1,L10009_0",0.0,3,31.84,2.8800000000000003,3,0,NaN
06:04:32,L10009,427.63,3,"L10009_2,L10009_1,L10009_0",0.0,3,31.22666666666667,2.526666666666667,3,0,NaN
06:04:34,L10009,427.63,3,"L10009_2,L10009_1,L10009_0",0.0,2,27.486666666666665,2.52,2,0,NaN
06:04:36,L10009,427.63,3,"L10009_2,L10009_1,L10009_0",0.0,2,27.323333333333334,2.16,2,0,NaN
06:04:38,L10009,427.63,3,"L10009_2,L10009_1,L10009_0",0.0,2,23.600000000000005,1.9333333333333333,2,0,NaN
06:04:40,L10009,427.63,3,"L10009_2,L10009_1,L10009_0",0.0,2,23.76,1.9800000000000002,2,0,NaN
06:04:42,L10009,427.63,3,"L10009_2,L10009_1,L10009_0",0.0,2,27.11333333333333,2.34,2,0,NaN
06:04:44,L10009,427.63,3,"L10009_2,L10009_1,L10009_0",0.0,3,30.426666666666666,2.52,3,0,NaN
06:04:46,L10009,427.63,3,"L10009_2,L10009_1,L10009_0",0.0,3,28.746666666666666,2.8333333333333335,3,0,NaN
06:04:48,L10009,427.63,3,"L10009_2,L10009_1,L10009_0",0.0,3,30.423333333333336,2.823333333333333,3,0,NaN
06:04:50,L10009,427.63,3,"L10009_2,L10009_1,L10009_0",0.0,3,34.74333333333333,2.8800000000000003,3,0,NaN
06:04:52,L10009,427.63,3,"L10009_2,L10009_1,L10009_0",0.0,3,34.403333333333336,3.06,3,0,NaN
06:04:54,L10009,427.63,3,"L10009_2,L10009_1,L10009_0",0.0,3,38.59333333333333,3.06,3,0,NaN
06:04:56,L10009,427.63,3,"L10009_2,L10009_1,L10009_0",0.0,3,35.43,3.24,3,0,NaN
06:04:58,L10009,427.63,3,"L10009_2,L10009_1,L10009_0",0.0,3,34.92,2.92,3,0,NaN
06:05:00,L10009,427.63,3,"L10009_2,L10009_1,L10009_0",0.0,3,31.41333333333333,2.56,3,0,NaN
06:05:02,L10009,427.63,3,"L10009_2,L10009_1,L10009_0",0.0,3,30.666666666666668,2.8800000000000003,3,0,NaN
06:05:04,L10009,427.63,3,"L10009_2,L10009_1,L10009_0",0.0,3,38.73333333333333,3.6,3,0,NaN
06:05:06,L10009,427.63,3,"L10009_2,L10009_1,L10009_0",0.0,4,42.53333333333333,3.65,4,0,NaN
06:05:08,L10009,427.63,3,"L10009_2,L10009_1,L10009_0",0.0,4,42.53666666666667,3.9600000000000004,4,0,NaN
06:05:10,L10009,427.63,3,"L10009_2,L10009_1,L10009_0",0.0,4,43.54,3.9600000000000004,4,0,NaN
06:05:12,L10009,427.63,3,"L10009_2,L10009_1,L10009_0",0.0,4,47.10333333333333,4.32,4,0,NaN
06:05:14,L10009,427.63,3,"L10009_2,L10009_1,L10009_0",0.0,4,51.193333333333335,4.5,4,0,NaN
06:05:16,L10009,427.63,3,"L10009_2,L10009_1,L10009_0",0.0,5,54.626666666666665,4.596666666666667,5,0,NaN
06:05:18,L10009,427.63,3,"L10009_2,L10009_1,L10009_0",0.0,4,50.57333333333333,4.5,4,0,NaN
06:05:20,L10009,427.63,3,"L10009_2,L10009_1,L10009_0",0.0,4,46.98666666666667,4.32,4,0,NaN
06:05:22,L10009,427.63,3,"L10009_2,L10009_1,L10009_0",0.0,4,46.809999999999995,4.14,4,0,NaN
06:05:24,L10009,427.63,3,"L10009_2,L10009_1,L10009_0",0.0,4,46.57,3.6999999999999997,4,0,NaN
06:05:26,L10009,427.63,3,"L10009_2,L10009_1,L10009_0",0.0,4,43.81666666666666,3.6,4,0,NaN
06:05:28,L10009,427.63,3,"L10009_2,L10009_1,L10009_0",0.0,3,39.53333333333333,3.24,3,0,NaN
06:05:30,L10009,427.63,3,"L10009_2,L10009_1,L10009_0",0.0,3,39.266666666666666,3.42,3,0,NaN
06:05:32,L10009,427.63,3,"L10009_2,L10009_1,L10009_0",0.0,3,39.4,3.6,3,0,NaN
06:05:34,L10009,427.63,3,"L10009_2,L10009_1,L10009_0",0.0,4,43.449999999999996,3.78,4,0,NaN
06:05:36,L10009,427.63,3,"L10009_2,L10009_1,L10009_0",0.0,4,47.28,4.14,4,0,NaN
06:05:38,L10009,427.63,3,"L10009_2,L10009_1,L10009_0",0.0,4,51.26333333333333,3.9133333333333327,4,0,NaN
06:05:40,L10009,427.63,3,"L10009_2,L10009_1,L10009_0",0.0,4,43.120000000000005,3.24,4,0,NaN
06:05:42,L10009,427.63,3,"L10009_2,L10009_1,L10009_0",0.0,3,38.76666666666667,3.5433333333333334,3,0,NaN
06:05:44,L10009,427.63,3,"L10009_2,L10009_1,L10009_0",0.0,3,39.50333333333333,3.24,3,0,NaN
06:05:46,L10009,427.63,3,"L10009_2,L10009_1,L10009_0",0.0,3,35.38,3.24,3,0,NaN
06:05:48,L10009,427.63,3,"L10009_2,L10009_1,L10009_0",0.0,4,46.833333333333336,3.3333333333333335,4,0,NaN
06:05:50,L10009,427.63,3,"L10009_2,L10009_1,L10009_0",0.0,4,43.54333333333333,3.5833333333333335,4,0,NaN
06:05:52,L10009,427.63,3,"L10009_2,L10009_1,L10009_0",0.0,4,47.026666666666664,3.9600000000000004,4,0,NaN
06:05:54,L10009,427.63,3,"L10009_2,L10009_1,L10009_0",0.0,4,47.50666666666667,3.9600000000000004,4,0,NaN
06:05:56,L10009,427.63,3,"L10009_2,L10009_1,L10009_0",0.0,4,47.07999999999999,4.32,4,0,NaN
06:05:58,L10009,427.63,3,"L10009_2,L10009_1,L10009_0",0.0,5,54.38666666666666,5.04,5,0,NaN
06:06:00,L10009,427.63,3,"L10009_2,L10009_1,L10009_0",0.0,5,58.15666666666667,5.31,5,0,NaN
06:06:02,L10009,427.63,3,"L10009_2,L10009_1,L10009_0",0.0,6,65.88666666666667,5.763333333333333,6,0,NaN
06:06:04,L10009,427.63,3,"L10009_2,L10009_1,L10009_0",0.0,5,62.15333333333333,5.763333333333333,5,0,NaN
06:06:06,L10009,427.63,3,"L10009_2,L10009_1,L10009_0",0.0,6,66.47333333333333,5.883333333333333,6,0,NaN
06:06:08,L10009,427.63,3,"L10009_2,L10009_1,L10009_0",0.0,6,66.34333333333332,5.896666666666666,6,0,NaN
06:06:10,L10009,427.63,3,"L10009_2,L10009_1,L10009_0",0.0,6,74.14,5.873333333333334,6,0,NaN
06:06:12,L10009,427.63,3,"L10009_2,L10009_1,L10009_0",0.0,6,69.53333333333333,6.043333333333334,6,0,NaN
06:06:14,L10009,427.63,3,"L10009_2,L10009_1,L10009_0",0.0,6,70.68666666666667,6.123333333333334,6,0,NaN
06:06:16,L10009,427.63,3,"L10009_2,L10009_1,L10009_0",0.0,6,70.33999999999999,6.303333333333334,6,0,NaN
06:06:18,L10009,427.63,3,"L10009_2,L10009_1,L10009_0",0.0,6,74.42,6.636666666666668,6,0,NaN
06:06:20,L10009,427.63,3,"L10009_2,L10009_1,L10009_0",0.0,7,77.14666666666666,6.3999999999999995,7,0,NaN
06:06:22,L10009,427.63,3,"L10009_2,L10009_1,L10009_0",0.0,6,73.50666666666667,6.256666666666667,6,0,NaN
06:06:24,L10009,427.63,3,"L10009_2,L10009_1,L10009_0",0.0,6,73.3,6.303333333333334,6,0,NaN
06:06:26,L10009,427.63,3,"L10009_2,L10009_1,L10009_0",0.0,6,74.3,6.123333333333334,6,0,NaN
06:06:28,L10009,427.63,3,"L10009_2,L10009_1,L10009_0",0.0,6,70.84,5.98,6,0,NaN
06:06:30,L10009,427.63,3,"L10009_2,L10009_1,L10009_0",0.0,6,65.59333333333333,6.146666666666666,6,0,NaN
06:06:32,L10009,427.63,3,"L10009_2,L10009_1,L10009_0",0.0,7,77.53666666666668,6.483333333333333,7,0,NaN
06:06:34,L10009,427.63,3,"L10009_2,L10009_1,L10009_0",0.0,6,71.95666666666666,6.483333333333334,6,0,NaN
06:06:36,L10009,427.63,3,"L10009_2,L10009_1,L10009_0",0.0,7,73.07666666666667,6.826666666666665,7,0,NaN
06:06:38,L10009,427.63,3,"L10009_2,L10009_1,L10009_0",0.0,6,73.49666666666666,6.663333333333334,6,0,NaN
06:06:40,L10009,427.63,3,"L10009_2,L10009_1,L10009_0",0.0,6,73.63000000000001,6.663333333333333,6,0,NaN
06:06:42,L10009,427.63,3,"L10009_2,L10009_1,L10009_0",0.0,7,82.06,7.206666666666666,7,0,NaN
06:06:44,L10009,427.63,3,"L10009_2,L10009_1,L10009_0",0.0,7,82.22,7.323333333333333,7,0,NaN
06:06:46,L10009,427.63,3,"L10009_2,L10009_1,L10009_0",0.0,8,90.32333333333332,7.68,8,0,NaN
06:06:48,L10009,427.63,3,"L10009_2,L10009_1,L10009_0",0.0,8,93.76,8.103333333333333,8,0,NaN
06:06:50,L10009,427.63,3,"L10009_2,L10009_1,L10009_0",0.0,9,99.76666666666665,8.463333333333333,9,0,NaN
06:06:52,L10009,427.63,3,"L10009_2,L10009_1,L10009_0",0.0,9,102.2,8.866666666666667,9,0,NaN
06:06:54,L10009,427.63,3,"L10009_2,L10009_1,L10009_0",0.0,9,101.81333333333333,8.823333333333332,9,0,NaN
06:06:56,L10009,427.63,3,"L10009_2,L10009_1,L10009_0",0.0,9,102.61333333333333,8.706666666666667,9,0,NaN
06:06:58,L10009,427.63,3,"L10009_2,L10009_1,L10009_0",0.0,8,98.2,8.746666666666668,8,0,NaN
06:07:00,L10009,427.63,3,"L10009_2,L10009_1,L10009_0",0.0,8,96.13666666666666,8.706666666666667,8,0,NaN
06:07:02,L10009,427.63,3,"L10009_2,L10009_1,L10009_0",0.0,9,94.33999999999999,8.663333333333332,9,0,NaN
06:07:04,L10009,427.63,3,"L10009_2,L10009_1,L10009_0",0.0,9,100.10666666666668,8.89,9,0,NaN
06:07:06,L10009,427.63,3,"L10009_2,L10009_1,L10009_0",0.0,8,94.80333333333334,8.643333333333333,8,0,NaN
06:07:08,L10009,427.63,3,"L10009_2,L10009_1,L10009_0",0.0,10,111.46999999999998,8.763333333333334,10,0,NaN
06:07:10,L10009,427.63,3,"L10009_2,L10009_1,L10009_0",0.0,9,105.18666666666667,8.533333333333333,9,0,NaN
06:07:12,L10009,427.63,3,"L10009_2,L10009_1,L10009_0",0.0,9,102.74333333333333,9.183333333333334,9,0,NaN
06:07:14,L10009,427.63,3,"L10009_2,L10009_1,L10009_0",0.0,9,103.80666666666669,8.683333333333334,9,0,NaN
06:07:16,L10009,427.63,3,"L10009_2,L10009_1,L10009_0",0.0,9,99.52666666666666,8.823333333333334,9,0,NaN
06:07:18,L10009,427.63,3,"L10009_2,L10009_1,L10009_0",0.0,9,104.41666666666667,8.643333333333333,9,0,NaN
06:07:20,L10009,427.63,3,"L10009_2,L10009_1,L10009_0",0.0,9,100.60666666666668,8.81,9,0,NaN
06:07:22,L10009,427.63,3,"L10009_2,L10009_1,L10009_0",0.0,9,100.42,8.813333333333334,9,0,NaN
06:07:24,L10009,427.63,3,"L10009_2,L10009_1,L10009_0",0.0,9,101.61000000000001,8.776666666666666,9,0,NaN
06:07:26,L10009,427.63,3,"L10009_2,L10009_1,L10009_0",0.0,8,97.45333333333333,8.056666666666667,8,0,NaN
06:07:28,L10009,427.63,3,"L10009_2,L10009_1,L10009_0",0.0,8,93.39999999999999,8.096666666666666,8,0,NaN
06:07:30,L10009,427.63,3,"L10009_2,L10009_1,L10009_0",0.0,8,93.61333333333334,7.743333333333333,8,0,NaN
06:07:32,L10009,427.63,3,"L10009_2,L10009_1,L10009_0",0.0,8,93.62666666666667,7.663333333333333,8,0,NaN
06:07:34,L10009,427.63,3,"L10009_2,L10009_1,L10009_0",0.0,7,83.76666666666667,7.696666666666668,7,0,NaN
06:07:36,L10009,427.63,3,"L10009_2,L10009_1,L10009_0",0.0,7,79.87666666666667,7.203333333333333,7,0,NaN
06:07:38,L10009,427.63,3,"L10009_2,L10009_1,L10009_0",0.0,7,84.66,6.993333333333333,7,0,NaN
06:07:40,L10009,427.63,3,"L10009_2,L10009_1,L10009_0",0.0,7,82.16,6.776666666666667,7,0,NaN
06:07:42,L10009,427.63,3,"L10009_2,L10009_1,L10009_0",0.0,6,73.19333333333334,6.239999999999999,6,0,NaN
06:07:44,L10009,427.63,3,"L10009_2,L10009_1,L10009_0",0.0,6,71.86,6.013333333333333,6,0,NaN
06:07:46,L10009,427.63,3,"L10009_2,L10009_1,L10009_0",0.0,7,73.93333333333332,6.303333333333334,7,0,NaN
06:07:48,L10009,427.63,3,"L10009_2,L10009_1,L10009_0",0.0,6,71.54666666666667,6.43,6,0,NaN
06:07:50,L10009,427.63,3,"L10009_2,L10009_1,L10009_0",0.0,6,74.24333333333334,6.623333333333334,6,0,NaN
06:07:52,L10009,427.63,3,"L10009_2,L10009_1,L10009_0",0.0,7,77.69333333333333,6.663333333333334,7,0,NaN
06:07:54,L10009,427.63,3,"L10009_2,L10009_1,L10009_0",0.0,6,74.05666666666667,6.663333333333334,6,0,NaN
06:07:56,L10009,427.63,3,"L10009_2,L10009_1,L10009_0",0.0,7,78.81333333333333,6.843333333333334,7,0,NaN
06:07:58,L10009,427.63,3,"L10009_2,L10009_1,L10009_0",0.0,8,90.38666666666666,7.823333333333333,8,0,NaN
06:08:00,L10009,427.63,3,"L10009_2,L10009_1,L10009_0",0.0,8,97.61666666666667,7.9799999999999995,8,0,NaN
06:08:02,L10009,427.63,3,"L10009_2,L10009_1,L10009_0",0.0,9,105.06000000000002,8.756666666666668,9,0,NaN
06:08:04,L10009,427.63,3,"L10009_2,L10009_1,L10009_0",0.0,9,105.44999999999999,9.183333333333332,9,0,NaN
06:08:06,L10009,427.63,3,"L10009_2,L10009_1,L10009_0",0.0,9,104.40666666666668,8.773333333333333,9,0,NaN
06:08:08,L10009,427.63,3,"L10009_2,L10009_1,L10009_0",0.0,8,96.88666666666667,8.676666666666668,8,0,NaN
06:08:10,L10009,427.63,3,"L10009_2,L10009_1,L10009_0",0.0,8,92.78666666666668,8.643333333333333,8,0,NaN
06:08:12,L10009,427.63,3,"L10009_2,L10009_1,L10009_0",0.0,9,101.20666666666666,8.776666666666667,9,0,NaN
06:08:14,L10009,427.63,3,"L10009_2,L10009_1,L10009_0",0.0,9,103.86666666666666,8.823333333333332,9,0,NaN
06:08:16,L10009,427.63,3,"L10009_2,L10009_1,L10009_0",0.0,9,105.00999999999999,9.903333333333334,9,0,NaN
06:08:18,L10009,427.63,3,"L10009_2,L10009_1,L10009_0",0.0,11,120.33999999999999,10.446666666666667,11,0,NaN
06:08:20,L10009,427.63,3,"L10009_2,L10009_1,L10009_0",0.0,11,119.49000000000001,10.983333333333334,11,0,NaN
06:08:22,L10009,427.63,3,"L10009_2,L10009_1,L10009_0",0.0,10,109.52999999999999,10.803333333333333,10,0,NaN
06:08:24,L10009,427.63,3,"L10009_2,L10009_1,L10009_0",0.0,11,111.24,11.136666666666668,11,0,NaN
06:08:26,L10009,427.63,3,"L10009_2,L10009_1,L10009_0",0.0,10,102.50999999999999,10.826666666666668,10,0,NaN
06:08:28,L10009,427.63,3,"L10009_2,L10009_1,L10009_0",0.0,11,111.06666666666668,10.896666666666667,11,0,NaN
06:08:30,L10009,427.63,3,"L10009_2,L10009_1,L10009_0",0.0,11,116.84666666666665,10.426666666666668,11,0,NaN
06:08:32,L10009,427.63,3,"L10009_2,L10009_1,L10009_0",0.0,10,106.13,10.173333333333334,10,0,NaN
06:08:34,L10009,427.63,3,"L10009_2,L10009_1,L10009_0",0.77,10,95.08,10.443333333333333,10,0,NaN
06:08:36,L10009,427.63,3,"L10009_2,L10009_1,L10009_0",0.77,10,88.88333333333334,9.806666666666667,10,0,NaN
06:08:38,L10009,427.63,3,"L10009_2,L10009_1,L10009_0",0.0,9,85.91333333333334,9.723333333333334,9,0,NaN
06:08:40,L10009,427.63,3,"L10009_2,L10009_1,L10009_0",0.0,9,87.77333333333333,9.076666666666666,9,0,NaN
06:08:42,L10009,427.63,3,"L10009_2,L10009_1,L10009_0",0.0,9,81.10666666666667,8.636666666666667,9,0,NaN
06:08:44,L10009,427.63,3,"L10009_2,L10009_1,L10009_0",0.0,8,76.01333333333334,8.41,8,0,NaN
06:08:46,L10009,427.63,3,"L10009_2,L10009_1,L10009_0",1.47,9,75.57000000000001,8.456666666666665,9,0,NaN
06:08:48,L10009,427.63,3,"L10009_2,L10009_1,L10009_0",1.54,9,70.98,8.89,9,0,NaN
06:08:50,L10009,427.63,3,"L10009_2,L10009_1,L10009_0",0.77,9,67.77333333333333,8.73,9,0,NaN
06:08:52,L10009,427.63,3,"L10009_2,L10009_1,L10009_0",0.77,9,74.64666666666668,8.663333333333334,9,0,NaN
06:08:54,L10009,427.63,3,"L10009_2,L10009_1,L10009_0",0.0,9,75.01333333333334,8.37,9,0,NaN
06:08:56,L10009,427.63,3,"L10009_2,L10009_1,L10009_0",0.0,9,76.26666666666667,8.446666666666667,9,0,NaN
06:08:58,L10009,427.63,3,"L10009_2,L10009_1,L10009_0",0.0,9,85.73,8.1,9,0,NaN
06:09:00,L10009,427.63,3,"L10009_2,L10009_1,L10009_0",0.0,8,80.06666666666666,7.819999999999999,8,0,NaN
06:09:02,L10009,427.63,3,"L10009_2,L10009_1,L10009_0",0.77,7,71.92,7.563333333333333,7,0,NaN
06:09:04,L10009,427.63,3,"L10009_2,L10009_1,L10009_0",0.6133333333333334,9,88.26666666666665,7.613333333333334,9,0,NaN
06:09:06,L10009,427.63,3,"L10009_2,L10009_1,L10009_0",0.0,9,99.27,8.719999999999999,9,0,NaN
06:09:08,L10009,427.63,3,"L10009_2,L10009_1,L10009_0",0.0,10,111.51666666666667,9.99,10,0,NaN
06:09:10,L10009,427.63,3,"L10009_2,L10009_1,L10009_0",0.0,10,111.63333333333333,10.213333333333333,10,0,NaN
06:09:12,L10009,427.63,3,"L10009_2,L10009_1,L10009_0",0.0,10,109.09333333333332,10.203333333333333,10,0,NaN
06:09:14,L10009,427.63,3,"L10009_2,L10009_1,L10009_0",0.0,11,122.18666666666668,10.823333333333332,11,0,NaN
06:09:16,L10009,427.63,3,"L10009_2,L10009_1,L10009_0",0.0,11,124.37000000000002,10.92,11,0,NaN
06:09:18,L10009,427.63,3,"L10009_2,L10009_1,L10009_0",0.0,11,123.82666666666667,11.053333333333333,11,0,NaN
06:09:20,L10009,427.63,3,"L10009_2,L10009_1,L10009_0",0.0,11,133.51333333333332,10.993333333333334,11,0,NaN
06:09:22,L10009,427.63,3,"L10009_2,L10009_1,L10009_0",0.0,11,124.05333333333333,11.143333333333333,11,0,NaN
06:09:24,L10009,427.63,3,"L10009_2,L10009_1,L10009_0",0.0,12,129.41333333333333,11.536666666666667,12,0,NaN
06:09:26,L10009,427.63,3,"L10009_2,L10009_1,L10009_0",0.0,11,126.92666666666668,11.343333333333334,11,0,NaN
06:09:28,L10009,427.63,3,"L10009_2,L10009_1,L10009_0",0.0,11,123.87333333333333,11.6,11,0,NaN
06:09:30,L10009,427.63,3,"L10009_2,L10009_1,L10009_0",0.0,12,130.85999999999999,11.886666666666665,12,0,NaN
06:09:32,L10009,427.63,3,"L10009_2,L10009_1,L10009_0",0.0,12,127.52333333333333,12.083333333333334,12,0,NaN
06:09:34,L10009,427.63,3,"L10009_2,L10009_1,L10009_0",0.0,12,124.78666666666668,12.166666666666666,12,0,NaN
06:09:36,L10009,427.63,3,"L10009_2,L10009_1,L10009_0",0.0,12,125.04,12.01,12,0,NaN
06:09:38,L10009,427.63,3,"L10009_2,L10009_1,L10009_0",0.0,12,131.84,11.616666666666667,12,0,NaN
06:09:40,L10009,427.63,3,"L10009_2,L10009_1,L10009_0",0.0,11,124.09999999999998,12.053333333333333,11,0,NaN
06:09:42,L10009,427.63,3,"L10009_2,L10009_1,L10009_0",0.0,12,123.72000000000001,11.79,12,0,NaN
06:09:44,L10009,427.63,3,"L10009_2,L10009_1,L10009_0",0.0,11,107.72666666666665,11.540000000000001,11,0,NaN
06:09:46,L10009,427.63,3,"L10009_2,L10009_1,L10009_0",0.0,11,99.10000000000001,10.906666666666666,11,0,NaN
06:09:48,L10009,427.63,3,"L10009_2,L10009_1,L10009_0",0.0,11,106.31,10.47,11,0,NaN
06:09:50,L10009,427.63,3,"L10009_2,L10009_1,L10009_0",0.0,10,97.81333333333332,10.036666666666667,10,0,NaN
06:09:52,L10009,427.63,3,"L10009_2,L10009_1,L10009_0",0.9633333333333334,10,92.74333333333334,9.793333333333335,10,0,NaN
06:09:54,L10009,427.63,3,"L10009_2,L10009_1,L10009_0",0.0,10,87.86666666666667,9.87,10,0,NaN
06:09:56,L10009,427.63,3,"L10009_2,L10009_1,L10009_0",0.77,9,77.88333333333334,9.74,9,0,NaN
06:09:58,L10009,427.63,3,"L10009_2,L10009_1,L10009_0",0.0,9,82.26333333333334,9.04,9,0,NaN
06:10:00,L10009,427.63,3,"L10009_2,L10009_1,L10009_0",0.77,9,79.55000000000001,9.166666666666666,9,0,NaN
06:10:02,L10009,427.63,3,"L10009_2,L10009_1,L10009_0",0.6833333333333332,9,74.39333333333333,8.693333333333333,9,0,NaN
06:10:04,L10009,427.63,3,"L10009_2,L10009_1,L10009_0",0.0,9,78.53999999999999,8.14,9,0,NaN
06:10:06,L10009,427.63,3,"L10009_2,L10009_1,L10009_0",0.0,8,78.28333333333332,7.496666666666667,8,0,NaN
06:10:08,L10009,427.63,3,"L10009_2,L10009_1,L10009_0",0.0,8,85.19666666666666,8.019999999999998,8,0,NaN
06:10:10,L10009,427.63,3,"L10009_2,L10009_1,L10009_0",0.0,8,85.13333333333333,7.766666666666666,8,0,NaN
06:10:12,L10009,427.63,3,"L10009_2,L10009_1,L10009_0",0.0,8,87.76333333333332,8.016666666666666,8,0,NaN
06:10:14,L10009,427.63,3,"L10009_2,L10009_1,L10009_0",0.0,7,83.25,7.859999999999999,7,0,NaN
06:10:16,L10009,427.63,3,"L10009_2,L10009_1,L10009_0",0.0,7,81.39666666666666,7.383333333333333,7,0,NaN
06:10:18,L10009,427.63,3,"L10009_2,L10009_1,L10009_0",0.0,7,79.84333333333335,6.926666666666667,7,0,NaN
06:10:20,L10009,427.63,3,"L10009_2,L10009_1,L10009_0",0.0,8,89.17666666666666,7.29,8,0,NaN
06:10:22,L10009,427.63,3,"L10009_2,L10009_1,L10009_0",0.0,7,85.74666666666667,7.563333333333333,7,0,NaN
06:10:24,L10009,427.63,3,"L10009_2,L10009_1,L10009_0",0.0,8,97.74,8.12,8,0,NaN
06:10:26,L10009,427.63,3,"L10009_2,L10009_1,L10009_0",0.0,9,99.64,8.696666666666667,9,0,NaN
06:10:28,L10009,427.63,3,"L10009_2,L10009_1,L10009_0",0.0,9,105.00666666666666,9.53,9,0,NaN
06:10:30,L10009,427.63,3,"L10009_2,L10009_1,L10009_0",0.0,10,113.13333333333333,9.96,10,0,NaN
06:10:32,L10009,427.63,3,"L10009_2,L10009_1,L10009_0",0.0,10,112.75,10.443333333333333,10,0,NaN
06:10:34,L10009,427.63,3,"L10009_2,L10009_1,L10009_0",0.0,10,109.18333333333334,10.450000000000001,10,0,NaN
06:10:36,L10009,427.63,3,"L10009_2,L10009_1,L10009_0",0.0,11,118.73666666666668,10.533333333333333,11,0,NaN
06:10:38,L10009,427.63,3,"L10009_2,L10009_1,L10009_0",0.0,10,105.99333333333334,10.443333333333333,10,0,NaN
06:10:40,L10009,427.63,3,"L10009_2,L10009_1,L10009_0",0.0,9,100.84999999999998,9.903333333333334,9,0,NaN
06:10:42,L10009,427.63,3,"L10009_2,L10009_1,L10009_0",0.0,9,98.56,9.656666666666666,9,0,NaN
06:10:44,L10009,427.63,3,"L10009_2,L10009_1,L10009_0",0.0,10,98.84666666666665,9.643333333333333,10,0,NaN
06:10:46,L10009,427.63,3,"L10009_2,L10009_1,L10009_0",0.0,10,105.36666666666666,9.07,10,0,NaN
06:10:48,L10009,427.63,3,"L10009_2,L10009_1,L10009_0",0.0,9,98.99666666666667,8.533333333333333,9,0,NaN
06:10:50,L10009,427.63,3,"L10009_2,L10009_1,L10009_0",0.0,9,96.05999999999999,8.5,9,0,NaN
06:10:52,L10009,427.63,3,"L10009_2,L10009_1,L10009_0",0.0,9,93.44000000000001,8.610000000000001,9,0,NaN
06:10:54,L10009,427.63,3,"L10009_2,L10009_1,L10009_0",0.77,8,81.06333333333333,8.31,8,0,NaN
06:10:56,L10009,427.63,3,"L10009_2,L10009_1,L10009_0",0.0,9,85.95333333333333,8.450000000000001,9,0,NaN
06:10:58,L10009,427.63,3,"L10009_2,L10009_1,L10009_0",0.0,8,78.14666666666666,8.280000000000001,8,0,NaN
06:11:00,L10009,427.63,3,"L10009_2,L10009_1,L10009_0",0.0,8,79.77333333333333,7.559999999999999,8,0,NaN
06:11:02,L10009,427.63,3,"L10009_2,L10009_1,L10009_0",0.0,8,74.05666666666666,7.586666666666666,8,0,NaN
06:11:04,L10009,427.63,3,"L10009_2,L10009_1,L10009_0",1.54,7,64.34,7.283333333333334,7,0,NaN
06:11:06,L10009,427.63,3,"L10009_2,L10009_1,L10009_0",1.39,7,60.446666666666665,7.316666666666666,7,0,NaN
06:11:08,L10009,427.63,3,"L10009_2,L10009_1,L10009_0",0.77,8,61.559999999999995,7.286666666666666,8,0,NaN
06:11:10,L10009,427.63,3,"L10009_2,L10009_1,L10009_0",0.0,7,64.32000000000001,6.453333333333333,7,0,NaN
06:11:12,L10009,427.63,3,"L10009_2,L10009_1,L10009_0",0.0,6,62.79,6.196666666666666,6,0,NaN
06:11:14,L10009,427.63,3,"L10009_2,L10009_1,L10009_0",0.0,6,59.99,6.010000000000001,6,0,NaN
06:11:16,L10009,427.63,3,"L10009_2,L10009_1,L10009_0",0.77,6,59.28,6.096666666666667,6,0,NaN
06:11:18,L10009,427.63,3,"L10009_2,L10009_1,L10009_0",0.0,8,84.72,8.283333333333333,8,0,NaN
06:11:20,L10009,427.63,3,"L10009_2,L10009_1,L10009_0",0.0,9,93.77333333333333,8.356666666666667,9,0,NaN
06:11:22,L10009,427.63,3,"L10009_2,L10009_1,L10009_0",0.0,8,88.92999999999999,8.283333333333333,8,0,NaN
06:11:24,L10009,427.63,3,"L10009_2,L10009_1,L10009_0",0.0,8,93.40666666666665,8.103333333333333,8,0,NaN
06:11:26,L10009,427.63,3,"L10009_2,L10009_1,L10009_0",0.0,8,90.77,8.463333333333333,8,0,NaN
06:11:28,L10009,427.63,3,"L10009_2,L10009_1,L10009_0",0.0,9,96.72666666666667,8.183333333333332,9,0,NaN
06:11:30,L10009,427.63,3,"L10009_2,L10009_1,L10009_0",0.0,8,87.79666666666668,8.103333333333333,8,0,NaN
06:11:32,L10009,427.63,3,"L10009_2,L10009_1,L10009_0",0.0,8,82.63000000000001,8.003333333333332,8,0,NaN
06:11:34,L10009,427.63,3,"L10009_2,L10009_1,L10009_0",0.0,8,83.40666666666667,8.049999999999999,8,0,NaN
06:11:36,L10009,427.63,3,"L10009_2,L10009_1,L10009_0",0.0,9,86.95666666666666,8.243333333333332,9,0,NaN
06:11:38,L10009,427.63,3,"L10009_2,L10009_1,L10009_0",0.0,8,82.52,7.933333333333334,8,0,NaN
06:11:40,L10009,427.63,3,"L10009_2,L10009_1,L10009_0",0.0,7,76.26666666666667,7.653333333333333,7,0,NaN
06:11:42,L10009,427.63,3,"L10009_2,L10009_1,L10009_0",0.0,8,86.01333333333334,8.563333333333334,8,0,NaN
06:11:44,L10009,427.63,3,"L10009_2,L10009_1,L10009_0",0.0,8,89.18666666666667,8.126666666666667,8,0,NaN
06:11:46,L10009,427.63,3,"L10009_2,L10009_1,L10009_0",0.0,8,90.70666666666666,7.923333333333335,8,0,NaN
06:11:48,L10009,427.63,3,"L10009_2,L10009_1,L10009_0",0.0,8,84.47,7.926666666666667,8,0,NaN
06:11:50,L10009,427.63,3,"L10009_2,L10009_1,L10009_0",0.0,9,96.34999999999998,8.636666666666667,9,0,NaN
06:11:52,L10009,427.63,3,"L10009_2,L10009_1,L10009_0",0.0,9,97.90333333333335,8.456666666666665,9,0,NaN
06:11:54,L10009,427.63,3,"L10009_2,L10009_1,L10009_0",0.0,8,91.16000000000001,8.116666666666665,8,0,NaN
06:11:56,L10009,427.63,3,"L10009_2,L10009_1,L10009_0",0.0,8,94.07,7.69,8,0,NaN
06:11:58,L10009,427.63,3,"L10009_2,L10009_1,L10009_0",0.0,7,86.12666666666667,7.5633333333333335,7,0,NaN
06:12:00,L10009,427.63,3,"L10009_2,L10009_1,L10009_0",0.0,7,86.86333333333333,7.743333333333332,7,0,NaN
06:12:02,L10009,427.63,3,"L10009_2,L10009_1,L10009_0",0.0,8,87.48666666666666,7.460000000000001,8,0,NaN
06:12:04,L10009,427.63,3,"L10009_2,L10009_1,L10009_0",0.0,7,83.69333333333334,7.413333333333334,7,0,NaN
06:12:06,L10009,427.63,3,"L10009_2,L10009_1,L10009_0",0.0,7,72.30333333333333,6.923333333333333,7,0,NaN
06:12:08,L10009,427.63,3,"L10009_2,L10009_1,L10009_0",0.0,7,72.96,7.486666666666667,7,0,NaN
06:12:10,L10009,427.63,3,"L10009_2,L10009_1,L10009_0",0.0,7,67.35666666666667,7.516666666666666,7,0,NaN
06:12:12,L10009,427.63,3,"L10009_2,L10009_1,L10009_0",0.0,8,74.67999999999999,7.256666666666667,8,0,NaN
06:12:14,L10009,427.63,3,"L10009_2,L10009_1,L10009_0",0.0,7,76.59333333333333,7.280000000000001,7,0,NaN
06:12:16,L10009,427.63,3,"L10009_2,L10009_1,L10009_0",0.0,7,80.14666666666666,6.986666666666667,7,0,NaN
06:12:18,L10009,427.63,3,"L10009_2,L10009_1,L10009_0",0.77,8,86.69666666666666,8.283333333333333,8,0,NaN
06:12:20,L10009,427.63,3,"L10009_2,L10009_1,L10009_0",0.6033333333333334,9,90.12,8.663333333333334,9,0,NaN
06:12:22,L10009,427.63,3,"L10009_2,L10009_1,L10009_0",0.6466666666666666,9,91.25666666666666,8.633333333333333,9,0,NaN
06:12:24,L10009,427.63,3,"L10009_2,L10009_1,L10009_0",0.0,9,89.15333333333332,8.973333333333334,9,0,NaN
06:12:26,L10009,427.63,3,"L10009_2,L10009_1,L10009_0",2.2100000000000004,9,89.18666666666667,9.223333333333334,9,0,NaN
06:12:28,L10009,427.63,3,"L10009_2,L10009_1,L10009_0",0.0,10,99.29,9.22,10,0,NaN
06:12:30,L10009,427.63,3,"L10009_2,L10009_1,L10009_0",0.77,9,88.53333333333335,9.176666666666668,9,0,NaN
06:12:32,L10009,427.63,3,"L10009_2,L10009_1,L10009_0",0.0,10,102.67333333333333,9.243333333333334,10,0,NaN
06:12:34,L10009,427.63,3,"L10009_2,L10009_1,L10009_0",0.0,9,93.10666666666667,8.93,9,0,NaN
06:12:36,L10009,427.63,3,"L10009_2,L10009_1,L10009_0",0.0,9,91.49333333333333,8.753333333333332,9,0,NaN
06:12:38,L10009,427.63,3,"L10009_2,L10009_1,L10009_0",0.0,8,93.54,8.413333333333334,8,0,NaN
06:12:40,L10009,427.63,3,"L10009_2,L10009_1,L10009_0",0.0,8,92.11666666666667,8.543333333333335,8,0,NaN
06:12:42,L10009,427.63,3,"L10009_2,L10009_1,L10009_0",0.0,9,97.78000000000002,8.406666666666666,9,0,NaN
06:12:44,L10009,427.63,3,"L10009_2,L10009_1,L10009_0",0.0,8,90.54,7.94,8,0,NaN
06:12:46,L10009,427.63,3,"L10009_2,L10009_1,L10009_0",0.0,8,81.74,7.826666666666667,8,0,NaN
06:12:48,L10009,427.63,3,"L10009_2,L10009_1,L10009_0",0.0,8,75.26333333333332,8.463333333333333,8,0,NaN
06:12:50,L10009,427.63,3,"L10009_2,L10009_1,L10009_0",0.0,9,80.54666666666667,8.186666666666666,9,0,NaN
06:12:52,L10009,427.63,3,"L10009_2,L10009_1,L10009_0",0.0,8,74.41,7.6433333333333335,8,0,NaN
06:12:54,L10009,427.63,3,"L10009_2,L10009_1,L10009_0",0.77,8,82.89666666666666,7.843333333333333,8,0,NaN
06:12:56,L10009,427.63,3,"L10009_2,L10009_1,L10009_0",0.0,9,91.29333333333334,8.066666666666668,9,0,NaN
06:12:58,L10009,427.63,3,"L10009_2,L10009_1,L10009_0",0.0,9,86.03333333333332,8.593333333333334,9,0,NaN
06:13:00,L10009,427.63,3,"L10009_2,L10009_1,L10009_0",1.54,9,87.21666666666668,9.016666666666666,9,0,NaN
06:13:02,L10009,427.63,3,"L10009_2,L10009_1,L10009_0",2.15,9,93.20666666666666,8.87,9,0,NaN
06:13:04,L10009,427.63,3,"L10009_2,L10009_1,L10009_0",0.0,8,87.25666666666666,8.713333333333333,8,0,NaN
06:13:06,L10009,427.63,3,"L10009_2,L10009_1,L10009_0",0.0,9,91.36333333333333,8.54,9,0,NaN
06:13:08,L10009,427.63,3,"L10009_2,L10009_1,L10009_0",0.0,8,80.59333333333333,8.283333333333333,8,0,NaN
06:13:10,L10009,427.63,3,"L10009_2,L10009_1,L10009_0",0.6033333333333334,8,80.28000000000002,7.96,8,0,NaN
06:13:12,L10009,427.63,3,"L10009_2,L10009_1,L10009_0",0.6933333333333334,8,79.74000000000001,7.956666666666666,8,0,NaN
06:13:14,L10009,427.63,3,"L10009_2,L10009_1,L10009_0",0.0,8,74.23333333333333,8.030000000000001,8,0,NaN
06:13:16,L10009,427.63,3,"L10009_2,L10009_1,L10009_0",1.54,8,76.17,8.133333333333333,8,0,NaN
06:13:18,L10009,427.63,3,"L10009_2,L10009_1,L10009_0",0.77,8,73.78666666666668,7.923333333333332,8,0,NaN
06:13:20,L10009,427.63,3,"L10009_2,L10009_1,L10009_0",0.0,10,96.37666666666667,8.373333333333333,10,0,NaN
06:13:22,L10009,427.63,3,"L10009_2,L10009_1,L10009_0",0.0,9,95.67999999999999,9.363333333333333,9,0,NaN
06:13:24,L10009,427.63,3,"L10009_2,L10009_1,L10009_0",0.0,10,101.25666666666666,8.846666666666668,10,0,NaN
06:13:26,L10009,427.63,3,"L10009_2,L10009_1,L10009_0",0.0,9,91.32000000000001,9.209999999999999,9,0,NaN
06:13:28,L10009,427.63,3,"L10009_2,L10009_1,L10009_0",0.6566666666666666,9,84.91333333333334,9.18,9,0,NaN
06:13:30,L10009,427.63,3,"L10009_2,L10009_1,L10009_0",1.54,9,79.78666666666668,9.076666666666666,9,0,NaN
06:13:32,L10009,427.63,3,"L10009_2,L10009_1,L10009_0",0.77,10,87.28333333333332,9.293333333333333,10,0,NaN
06:13:34,L10009,427.63,3,"L10009_2,L10009_1,L10009_0",1.33,9,80.79333333333334,9.58,9,0,NaN
06:13:36,L10009,427.63,3,"L10009_2,L10009_1,L10009_0",1.54,10,79.46999999999998,10.043333333333333,10,0,NaN
06:13:38,L10009,427.63,3,"L10009_2,L10009_1,L10009_0",2.1166666666666667,10,83.88000000000001,10.163333333333334,10,0,NaN
06:13:40,L10009,427.63,3,"L10009_2,L10009_1,L10009_0",2.36,10,85.44,9.933333333333334,10,0,NaN
06:13:42,L10009,427.63,3,"L10009_2,L10009_1,L10009_0",1.54,11,90.14,10.296666666666667,11,0,NaN
06:13:44,L10009,427.63,3,"L10009_2,L10009_1,L10009_0",1.54,11,95.95666666666666,11.956666666666669,11,0,NaN
06:13:46,L10009,427.63,3,"L10009_2,L10009_1,L10009_0",2.8866666666666667,12,102.29333333333334,11.803333333333335,12,0,NaN
06:13:48,L10009,427.63,3,"L10009_2,L10009_1,L10009_0",1.54,12,94.91000000000001,12.300000000000002,12,0,NaN
06:13:50,L10009,427.63,3,"L10009_2,L10009_1,L10009_0",0.7966666666666667,13,109.17000000000002,13.21,13,0,NaN
06:13:52,L10009,427.63,3,"L10009_2,L10009_1,L10009_0",2.31,13,106.02666666666669,12.623333333333335,13,0,NaN
06:13:54,L10009,427.63,3,"L10009_2,L10009_1,L10009_0",1.54,13,111.66333333333334,12.386666666666668,13,0,NaN
06:13:56,L10009,427.63,3,"L10009_2,L10009_1,L10009_0",1.54,12,105.08999999999999,12.256666666666666,12,0,NaN
06:13:58,L10009,427.63,3,"L10009_2,L10009_1,L10009_0",1.54,11,106.47666666666667,11.703333333333333,11,0,NaN
06:14:00,L10009,427.63,3,"L10009_2,L10009_1,L10009_0",0.0,12,115.04333333333334,11.193333333333335,12,0,NaN
06:14:02,L10009,427.63,3,"L10009_2,L10009_1,L10009_0",0.0,11,106.94333333333333,10.906666666666666,11,0,NaN
06:14:04,L10009,427.63,3,"L10009_2,L10009_1,L10009_0",0.0,12,109.99333333333334,11.323333333333332,12,0,NaN
06:14:06,L10009,427.63,3,"L10009_2,L10009_1,L10009_0",1.54,11,101.5166666666667,11.276666666666666,11,0,NaN
06:14:08,L10009,427.63,3,"L10009_2,L10009_1,L10009_0",0.0,11,90.90666666666668,10.856666666666667,11,0,NaN
06:14:10,L10009,427.63,3,"L10009_2,L10009_1,L10009_0",0.0,10,83.69000000000001,10.719999999999999,10,0,NaN
06:14:12,L10009,427.63,3,"L10009_2,L10009_1,L10009_0",0.0,10,82.96666666666667,10.443333333333333,10,0,NaN
06:14:14,L10009,427.63,3,"L10009_2,L10009_1,L10009_0",0.0,10,81.88333333333334,9.92,10,0,NaN
06:14:16,L10009,427.63,3,"L10009_2,L10009_1,L10009_0",0.0,10,82.49,9.696666666666667,10,0,NaN
06:14:18,L10009,427.63,3,"L10009_2,L10009_1,L10009_0",0.0,9,83.31333333333333,8.823333333333332,9,0,NaN
06:14:20,L10009,427.63,3,"L10009_2,L10009_1,L10009_0",0.0,9,87.64999999999999,8.573333333333332,9,0,NaN
06:14:22,L10009,427.63,3,"L10009_2,L10009_1,L10009_0",0.0,8,92.01,8.283333333333333,8,0,NaN
06:14:24,L10009,427.63,3,"L10009_2,L10009_1,L10009_0",0.0,8,96.27666666666669,8.083333333333334,8,0,NaN
06:14:26,L10009,427.63,3,"L10009_2,L10009_1,L10009_0",0.0,8,93.41000000000001,8.053333333333333,8,0,NaN
06:14:28,L10009,427.63,3,"L10009_2,L10009_1,L10009_0",0.0,8,94.44,7.923333333333335,8,0,NaN
06:14:30,L10009,427.63,3,"L10009_2,L10009_1,L10009_0",0.0,8,98.48333333333333,8.64,8,0,NaN
06:14:32,L10009,427.63,3,"L10009_2,L10009_1,L10009_0",0.0,8,98.46333333333332,8.613333333333335,8,0,NaN
06:14:34,L10009,427.63,3,"L10009_2,L10009_1,L10009_0",0.0,9,109.69,9.21,9,0,NaN
06:14:36,L10009,427.63,3,"L10009_2,L10009_1,L10009_0",0.0,9,108.56666666666666,9.373333333333333,9,0,NaN
06:14:38,L10009,427.63,3,"L10009_2,L10009_1,L10009_0",0.0,9,108.17999999999999,9.683333333333334,9,0,NaN
06:14:40,L10009,427.63,3,"L10009_2,L10009_1,L10009_0",0.0,10,111.88000000000001,9.663333333333334,10,0,NaN
06:14:42,L10009,427.63,3,"L10009_2,L10009_1,L10009_0",0.0,9,106.47000000000001,9.653333333333334,9,0,NaN
06:14:44,L10009,427.63,3,"L10009_2,L10009_1,L10009_0",0.0,10,105.90000000000002,10.15,10,0,NaN
06:14:46,L10009,427.63,3,"L10009_2,L10009_1,L10009_0",0.0,10,96.01999999999998,9.903333333333334,10,0,NaN
06:14:48,L10009,427.63,3,"L10009_2,L10009_1,L10009_0",0.0,9,85.46,9.653333333333334,9,0,NaN
06:14:50,L10009,427.63,3,"L10009_2,L10009_1,L10009_0",0.0,9,86.05333333333334,9.476666666666667,9,0,NaN
06:14:52,L10009,427.63,3,"L10009_2,L10009_1,L10009_0",0.0,9,80.33,9.229999999999999,9,0,NaN
06:14:54,L10009,427.63,3,"L10009_2,L10009_1,L10009_0",1.3533333333333333,10,83.30333333333334,9.106666666666667,10,0,NaN
06:14:56,L10009,427.63,3,"L10009_2,L10009_1,L10009_0",0.0,9,70.64666666666666,8.653333333333334,9,0,NaN
06:14:58,L10009,427.63,3,"L10009_2,L10009_1,L10009_0",0.0,9,70.66666666666667,8.626666666666667,9,0,NaN
06:15:00,L10009,427.63,3,"L10009_2,L10009_1,L10009_0",2.0066666666666664,9,68.33666666666666,8.563333333333333,9,0,NaN
06:15:02,L10009,427.63,3,"L10009_2,L10009_1,L10009_0",0.0,9,70.52000000000001,8.556666666666667,9,0,NaN
06:15:04,L10009,427.63,3,"L10009_2,L10009_1,L10009_0",0.0,8,69.79666666666667,8.196666666666667,8,0,NaN
06:15:06,L10009,427.63,3,"L10009_2,L10009_1,L10009_0",0.0,8,67.07000000000001,7.926666666666666,8,0,NaN
06:15:08,L10009,427.63,3,"L10009_2,L10009_1,L10009_0",0.77,8,65.17,7.656666666666666,8,0,NaN
06:15:10,L10009,427.63,3,"L10009_2,L10009_1,L10009_0",0.0,7,62.81999999999999,7.11,7,0,NaN
06:15:12,L10009,427.63,3,"L10009_2,L10009_1,L10009_0",0.0,7,68.81666666666666,6.256666666666665,7,0,NaN
06:15:14,L10009,427.63,3,"L10009_2,L10009_1,L10009_0",0.0,8,80.62333333333332,6.509999999999999,8,0,NaN
06:15:16,L10009,427.63,3,"L10009_2,L10009_1,L10009_0",0.0,7,78.23333333333333,7.433333333333334,7,0,NaN
06:15:18,L10009,427.63,3,"L10009_2,L10009_1,L10009_0",0.0,7,76.91000000000001,7.596666666666667,7,0,NaN
06:15:20,L10009,427.63,3,"L10009_2,L10009_1,L10009_0",0.0,9,92.42,8.093333333333334,9,0,NaN
06:15:22,L10009,427.63,3,"L10009_2,L10009_1,L10009_0",0.0,9,94.85666666666667,8.366666666666667,9,0,NaN
06:15:24,L10009,427.63,3,"L10009_2,L10009_1,L10009_0",0.0,9,91.05666666666666,8.536666666666667,9,0,NaN
06:15:26,L10009,427.63,3,"L10009_2,L10009_1,L10009_0",0.0,9,96.16000000000001,9.360000000000001,9,0,NaN
06:15:28,L10009,427.63,3,"L10009_2,L10009_1,L10009_0",0.77,9,91.53666666666668,9.47,9,0,NaN
06:15:30,L10009,427.63,3,"L10009_2,L10009_1,L10009_0",0.0,10,95.54,9.546666666666667,10,0,NaN
06:15:32,L10009,427.63,3,"L10009_2,L10009_1,L10009_0",0.0,10,99.49666666666667,10.086666666666666,10,0,NaN
06:15:34,L10009,427.63,3,"L10009_2,L10009_1,L10009_0",0.0,10,105.78666666666665,10.3,10,0,NaN
06:15:36,L10009,427.63,3,"L10009_2,L10009_1,L10009_0",0.0,10,101.38,10.083333333333334,10,0,NaN
06:15:38,L10009,427.63,3,"L10009_2,L10009_1,L10009_0",0.0,10,103.65666666666668,10.24,10,0,NaN
06:15:40,L10009,427.63,3,"L10009_2,L10009_1,L10009_0",0.0,10,100.05666666666666,9.733333333333334,10,0,NaN
06:15:42,L10009,427.63,3,"L10009_2,L10009_1,L10009_0",0.77,9,92.79666666666667,9.643333333333333,9,0,NaN
06:15:44,L10009,427.63,3,"L10009_2,L10009_1,L10009_0",0.0,9,92.04,9.363333333333335,9,0,NaN
06:15:46,L10009,427.63,3,"L10009_2,L10009_1,L10009_0",0.68,9,93.90000000000002,9.246666666666668,9,0,NaN
06:15:48,L10009,427.63,3,"L10009_2,L10009_1,L10009_0",0.0,9,96.51333333333334,9.176666666666668,9,0,NaN
06:15:50,L10009,427.63,3,"L10009_2,L10009_1,L10009_0",0.0,8,89.77666666666666,8.523333333333333,8,0,NaN
06:15:52,L10009,427.63,3,"L10009_2,L10009_1,L10009_0",0.77,9,100.93666666666667,9.183333333333332,9,0,NaN
06:15:54,L10009,427.63,3,"L10009_2,L10009_1,L10009_0",0.0,9,102.57,8.413333333333334,9,0,NaN
06:15:56,L10009,427.63,3,"L10009_2,L10009_1,L10009_0",0.0,8,91.08999999999999,8.403333333333334,8,0,NaN
06:15:58,L10009,427.63,3,"L10009_2,L10009_1,L10009_0",0.0,8,82.77999999999999,7.756666666666667,8,0,NaN
06:16:00,L10009,427.63,3,"L10009_2,L10009_1,L10009_0",0.0,7,74.54666666666667,7.123333333333334,7,0,NaN
06:16:02,L10009,427.63,3,"L10009_2,L10009_1,L10009_0",0.0,7,74.76666666666667,6.816666666666666,7,0,NaN
06:16:04,L10009,427.63,3,"L10009_2,L10009_1,L10009_0",0.0,6,68.97333333333333,6.596666666666667,6,0,NaN
06:16:06,L10009,427.63,3,"L10009_2,L10009_1,L10009_0",0.0,7,77.57333333333334,7.329999999999999,7,0,NaN
06:16:08,L10009,427.63,3,"L10009_2,L10009_1,L10009_0",0.0,7,75.73333333333333,7.739999999999999,7,0,NaN
06:16:10,L10009,427.63,3,"L10009_2,L10009_1,L10009_0",0.0,8,81.63666666666667,7.456666666666667,8,0,NaN
06:16:12,L10009,427.63,3,"L10009_2,L10009_1,L10009_0",0.0,8,86.84333333333335,7.923333333333332,8,0,NaN
06:16:14,L10009,427.63,3,"L10009_2,L10009_1,L10009_0",0.0,8,88.99333333333334,7.923333333333332,8,0,NaN
06:16:16,L10009,427.63,3,"L10009_2,L10009_1,L10009_0",0.0,8,89.73666666666666,8.223333333333334,8,0,NaN
06:16:18,L10009,427.63,3,"L10009_2,L10009_1,L10009_0",0.0,8,93.17333333333333,8.076666666666666,8,0,NaN
06:16:20,L10009,427.63,3,"L10009_2,L10009_1,L10009_0",0.0,8,87.91333333333334,8.016666666666667,8,0,NaN
06:16:22,L10009,427.63,3,"L10009_2,L10009_1,L10009_0",0.0,8,90.68666666666668,7.890000000000001,8,0,NaN
06:16:24,L10009,427.63,3,"L10009_2,L10009_1,L10009_0",0.0,8,85.29,8.0,8,0,NaN
06:16:26,L10009,427.63,3,"L10009_2,L10009_1,L10009_0",0.0,8,91.14,7.923333333333332,8,0,NaN
06:16:28,L10009,427.63,3,"L10009_2,L10009_1,L10009_0",0.0,8,90.84333333333335,7.833333333333333,8,0,NaN
06:16:30,L10009,427.63,3,"L10009_2,L10009_1,L10009_0",0.0,8,86.52666666666669,7.9366666666666665,8,0,NaN
06:16:32,L10009,427.63,3,"L10009_2,L10009_1,L10009_0",0.0,8,84.0,7.923333333333333,8,0,NaN
06:16:34,L10009,427.63,3,"L10009_2,L10009_1,L10009_0",0.0,9,92.12333333333333,8.363333333333333,9,0,NaN
06:16:36,L10009,427.63,3,"L10009_2,L10009_1,L10009_0",0.0,9,92.89666666666666,8.82,9,0,NaN
06:16:38,L10009,427.63,3,"L10009_2,L10009_1,L10009_0",0.0,9,88.52666666666669,9.01,9,0,NaN
06:16:40,L10009,427.63,3,"L10009_2,L10009_1,L10009_0",0.0,9,90.06,8.936666666666666,9,0,NaN
06:16:42,L10009,427.63,3,"L10009_2,L10009_1,L10009_0",0.0,9,81.22333333333333,8.85,9,0,NaN
06:16:44,L10009,427.63,3,"L10009_2,L10009_1,L10009_0",0.0,9,75.66000000000001,8.520000000000001,9,0,NaN
06:16:46,L10009,427.63,3,"L10009_2,L10009_1,L10009_0",0.77,8,69.94666666666666,8.58,8,0,NaN
06:16:48,L10009,427.63,3,"L10009_2,L10009_1,L10009_0",1.54,9,71.5,8.463333333333333,9,0,NaN
06:16:50,L10009,427.63,3,"L10009_2,L10009_1,L10009_0",0.64,8,67.53333333333333,8.196666666666667,8,0,NaN
06:16:52,L10009,427.63,3,"L10009_2,L10009_1,L10009_0",0.0,8,66.64333333333333,7.793333333333334,8,0,NaN
06:16:54,L10009,427.63,3,"L10009_2,L10009_1,L10009_0",0.0,8,71.85333333333334,7.203333333333333,8,0,NaN
06:16:56,L10009,427.63,3,"L10009_2,L10009_1,L10009_0",0.0,7,70.23666666666666,6.95,7,0,NaN
06:16:58,L10009,427.63,3,"L10009_2,L10009_1,L10009_0",0.0,7,68.85666666666667,6.396666666666666,7,0,NaN
06:17:00,L10009,427.63,3,"L10009_2,L10009_1,L10009_0",0.0,6,70.30666666666667,6.453333333333333,6,0,NaN
06:17:02,L10009,427.63,3,"L10009_2,L10009_1,L10009_0",0.0,6,65.47666666666667,5.9433333333333325,6,0,NaN
06:17:04,L10009,427.63,3,"L10009_2,L10009_1,L10009_0",0.0,7,78.47,6.663333333333334,7,0,NaN
06:17:06,L10009,427.63,3,"L10009_2,L10009_1,L10009_0",0.0,7,83.00333333333333,7.023333333333333,7,0,NaN
06:17:08,L10009,427.63,3,"L10009_2,L10009_1,L10009_0",0.0,7,85.62,7.563333333333333,7,0,NaN
06:17:10,L10009,427.63,3,"L10009_2,L10009_1,L10009_0",0.0,8,90.33333333333333,7.776666666666666,8,0,NaN
06:17:12,L10009,427.63,3,"L10009_2,L10009_1,L10009_0",0.0,8,89.03000000000002,7.673333333333333,8,0,NaN
06:17:14,L10009,427.63,3,"L10009_2,L10009_1,L10009_0",0.0,8,97.16666666666667,8.216666666666667,8,0,NaN
06:17:16,L10009,427.63,3,"L10009_2,L10009_1,L10009_0",0.0,8,92.86333333333333,8.283333333333333,8,0,NaN
06:17:18,L10009,427.63,3,"L10009_2,L10009_1,L10009_0",0.0,9,100.23,9.123333333333333,9,0,NaN
06:17:20,L10009,427.63,3,"L10009_2,L10009_1,L10009_0",0.0,8,96.80666666666666,9.003333333333332,8,0,NaN
06:17:22,L10009,427.63,3,"L10009_2,L10009_1,L10009_0",0.0,9,101.69333333333333,9.003333333333332,9,0,NaN
06:17:24,L10009,427.63,3,"L10009_2,L10009_1,L10009_0",0.0,9,109.90666666666668,9.596666666666666,9,0,NaN
06:17:26,L10009,427.63,3,"L10009_2,L10009_1,L10009_0",0.0,10,116.5,9.506666666666668,10,0,NaN
06:17:28,L10009,427.63,3,"L10009_2,L10009_1,L10009_0",0.0,9,108.13999999999999,9.583333333333334,9,0,NaN
06:17:30,L10009,427.63,3,"L10009_2,L10009_1,L10009_0",0.0,10,119.66000000000001,9.723333333333334,10,0,NaN
06:17:32,L10009,427.63,3,"L10009_2,L10009_1,L10009_0",0.0,10,111.67333333333333,9.5,10,0,NaN
06:17:34,L10009,427.63,3,"L10009_2,L10009_1,L10009_0",0.0,9,105.04333333333334,9.35,9,0,NaN
06:17:36,L10009,427.63,3,"L10009_2,L10009_1,L10009_0",0.0,9,104.17333333333333,9.226666666666667,9,0,NaN
06:17:38,L10009,427.63,3,"L10009_2,L10009_1,L10009_0",0.0,9,100.47666666666667,9.06,9,0,NaN
06:17:40,L10009,427.63,3,"L10009_2,L10009_1,L10009_0",0.0,9,92.8,8.476666666666667,9,0,NaN
06:17:42,L10009,427.63,3,"L10009_2,L10009_1,L10009_0",0.0,8,90.07,8.11,8,0,NaN
06:17:44,L10009,427.63,3,"L10009_2,L10009_1,L10009_0",0.0,7,82.15666666666665,7.563333333333333,7,0,NaN
06:17:46,L10009,427.63,3,"L10009_2,L10009_1,L10009_0",0.0,7,83.75333333333334,7.203333333333333,7,0,NaN
06:17:48,L10009,427.63,3,"L10009_2,L10009_1,L10009_0",0.0,8,88.29333333333334,7.203333333333333,8,0,NaN
06:17:50,L10009,427.63,3,"L10009_2,L10009_1,L10009_0",0.0,7,80.62666666666667,6.993333333333333,7,0,NaN
06:17:52,L10009,427.63,3,"L10009_2,L10009_1,L10009_0",0.0,7,83.93333333333334,7.743333333333333,7,0,NaN
06:17:54,L10009,427.63,3,"L10009_2,L10009_1,L10009_0",0.0,8,91.58333333333333,8.103333333333333,8,0,NaN
06:17:56,L10009,427.63,3,"L10009_2,L10009_1,L10009_0",0.0,8,92.02333333333335,8.103333333333333,8,0,NaN
06:17:58,L10009,427.63,3,"L10009_2,L10009_1,L10009_0",0.0,8,95.88333333333334,8.463333333333333,8,0,NaN
06:18:00,L10009,427.63,3,"L10009_2,L10009_1,L10009_0",0.0,8,95.15666666666668,8.023333333333333,8,0,NaN
06:18:02,L10009,427.63,3,"L10009_2,L10009_1,L10009_0",0.0,8,84.42,8.146666666666667,8,0,NaN
06:18:04,L10009,427.63,3,"L10009_2,L10009_1,L10009_0",0.0,8,81.77333333333333,8.136666666666667,8,0,NaN
06:18:06,L10009,427.63,3,"L10009_2,L10009_1,L10009_0",0.0,8,80.89,7.966666666666666,8,0,NaN
06:18:08,L10009,427.63,3,"L10009_2,L10009_1,L10009_0",0.77,8,78.24666666666667,7.743333333333332,8,0,NaN
06:18:10,L10009,427.63,3,"L10009_2,L10009_1,L10009_0",0.0,8,74.08666666666666,7.8566666666666665,8,0,NaN
06:18:12,L10009,427.63,3,"L10009_2,L10009_1,L10009_0",0.0,8,77.96,8.053333333333335,8,0,NaN
06:18:14,L10009,427.63,3,"L10009_2,L10009_1,L10009_0",0.77,8,77.04666666666667,8.223333333333333,8,0,NaN
06:18:16,L10009,427.63,3,"L10009_2,L10009_1,L10009_0",1.54,8,77.95666666666666,8.113333333333333,8,0,NaN
06:18:18,L10009,427.63,3,"L10009_2,L10009_1,L10009_0",1.3766666666666667,8,72.86333333333334,7.8133333333333335,8,0,NaN
06:18:20,L10009,427.63,3,"L10009_2,L10009_1,L10009_0",1.3966666666666667,8,75.14333333333333,7.813333333333333,8,0,NaN
06:18:22,L10009,427.63,3,"L10009_2,L10009_1,L10009_0",0.0,7,75.26,7.323333333333334,7,0,NaN
06:18:24,L10009,427.63,3,"L10009_2,L10009_1,L10009_0",0.77,8,72.36333333333333,7.943333333333334,8,0,NaN
06:18:26,L10009,427.63,3,"L10009_2,L10009_1,L10009_0",0.62,8,72.55666666666666,7.813333333333333,8,0,NaN
06:18:28,L10009,427.63,3,"L10009_2,L10009_1,L10009_0",1.4233333333333331,8,73.45666666666668,7.6433333333333335,8,0,NaN
06:18:30,L10009,427.63,3,"L10009_2,L10009_1,L10009_0",0.77,8,81.07,7.286666666666666,8,0,NaN
06:18:32,L10009,427.63,3,"L10009_2,L10009_1,L10009_0",0.0,8,86.68333333333334,7.6433333333333335,8,0,NaN
06:18:34,L10009,427.63,3,"L10009_2,L10009_1,L10009_0",0.0,8,86.38,7.25,8,0,NaN
06:18:36,L10009,427.63,3,"L10009_2,L10009_1,L10009_0",0.0,8,85.53666666666668,8.006666666666668,8,0,NaN
06:18:38,L10009,427.63,3,"L10009_2,L10009_1,L10009_0",0.0,8,90.27333333333333,7.6066666666666665,8,0,NaN
06:18:40,L10009,427.63,3,"L10009_2,L10009_1,L10009_0",0.0,8,86.19,7.743333333333332,8,0,NaN
06:18:42,L10009,427.63,3,"L10009_2,L10009_1,L10009_0",0.0,8,86.78666666666668,7.916666666666667,8,0,NaN
06:18:44,L10009,427.63,3,"L10009_2,L10009_1,L10009_0",0.0,8,84.88666666666667,7.923333333333333,8,0,NaN
06:18:46,L10009,427.63,3,"L10009_2,L10009_1,L10009_0",0.0,8,83.13666666666666,8.023333333333333,8,0,NaN
06:18:48,L10009,427.63,3,"L10009_2,L10009_1,L10009_0",0.77,8,81.72666666666667,8.21,8,0,NaN
06:18:50,L10009,427.63,3,"L10009_2,L10009_1,L10009_0",0.0,8,86.31333333333333,8.256666666666668,8,0,NaN
06:18:52,L10009,427.63,3,"L10009_2,L10009_1,L10009_0",0.0,8,81.17333333333335,8.15,8,0,NaN
06:18:54,L10009,427.63,3,"L10009_2,L10009_1,L10009_0",1.4033333333333333,8,70.19333333333333,7.823333333333333,8,0,NaN
06:18:56,L10009,427.63,3,"L10009_2,L10009_1,L10009_0",0.77,8,66.51333333333334,7.743333333333332,8,0,NaN
06:18:58,L10009,427.63,3,"L10009_2,L10009_1,L10009_0",0.0,7,61.50666666666667,7.383333333333333,7,0,NaN
06:19:00,L10009,427.63,3,"L10009_2,L10009_1,L10009_0",0.0,7,61.09,7.31,7,0,NaN
06:19:02,L10009,427.63,3,"L10009_2,L10009_1,L10009_0",0.0,7,64.68333333333332,6.623333333333334,7,0,NaN
06:19:04,L10009,427.63,3,"L10009_2,L10009_1,L10009_0",0.0,8,75.36999999999999,7.176666666666667,8,0,NaN
06:19:06,L10009,427.63,3,"L10009_2,L10009_1,L10009_0",0.0,7,71.34333333333333,7.203333333333333,7,0,NaN
06:19:08,L10009,427.63,3,"L10009_2,L10009_1,L10009_0",0.0,7,73.35666666666665,6.710000000000001,7,0,NaN
06:19:10,L10009,427.63,3,"L10009_2,L10009_1,L10009_0",0.0,7,79.27333333333334,7.43,7,0,NaN
06:19:12,L10009,427.63,3,"L10009_2,L10009_1,L10009_0",0.0,7,79.52666666666666,7.2299999999999995,7,0,NaN
06:19:14,L10009,427.63,3,"L10009_2,L10009_1,L10009_0",0.0,8,81.94333333333333,7.573333333333333,8,0,NaN
06:19:16,L10009,427.63,3,"L10009_2,L10009_1,L10009_0",0.6666666666666666,7,74.26,7.43,7,0,NaN
06:19:18,L10009,427.63,3,"L10009_2,L10009_1,L10009_0",0.77,9,91.40333333333332,7.8999999999999995,9,0,NaN
06:19:20,L10009,427.63,3,"L10009_2,L10009_1,L10009_0",0.0,8,80.34333333333333,7.8133333333333335,8,0,NaN
06:19:22,L10009,427.63,3,"L10009_2,L10009_1,L10009_0",0.0,8,81.26666666666667,8.103333333333333,8,0,NaN
06:19:24,L10009,427.63,3,"L10009_2,L10009_1,L10009_0",0.0,9,94.91333333333334,7.626666666666666,9,0,NaN
06:19:26,L10009,427.63,3,"L10009_2,L10009_1,L10009_0",0.0,7,84.36333333333334,7.396666666666667,7,0,NaN
06:19:28,L10009,427.63,3,"L10009_2,L10009_1,L10009_0",0.0,7,84.2,7.2200000000000015,7,0,NaN
06:19:30,L10009,427.63,3,"L10009_2,L10009_1,L10009_0",0.0,7,80.06666666666666,7.383333333333333,7,0,NaN
06:19:32,L10009,427.63,3,"L10009_2,L10009_1,L10009_0",0.0,8,87.74,7.733333333333333,8,0,NaN
06:19:34,L10009,427.63,3,"L10009_2,L10009_1,L10009_0",0.0,8,84.65666666666667,7.383333333333333,8,0,NaN
06:19:36,L10009,427.63,3,"L10009_2,L10009_1,L10009_0",0.0,7,81.58999999999999,7.2799999999999985,7,0,NaN
06:19:38,L10009,427.63,3,"L10009_2,L10009_1,L10009_0",0.0,7,83.23333333333333,6.899999999999999,7,0,NaN
06:19:40,L10009,427.63,3,"L10009_2,L10009_1,L10009_0",0.0,7,82.38,7.13,7,0,NaN
06:19:42,L10009,427.63,3,"L10009_2,L10009_1,L10009_0",0.0,7,82.53999999999999,7.203333333333333,7,0,NaN
06:19:44,L10009,427.63,3,"L10009_2,L10009_1,L10009_0",0.0,7,78.34666666666668,6.993333333333332,7,0,NaN
06:19:46,L10009,427.63,3,"L10009_2,L10009_1,L10009_0",0.0,7,82.77666666666667,6.866666666666667,7,0,NaN
06:19:48,L10009,427.63,3,"L10009_2,L10009_1,L10009_0",0.0,7,79.36,6.8133333333333335,7,0,NaN
06:19:50,L10009,427.63,3,"L10009_2,L10009_1,L10009_0",0.0,6,74.37333333333333,6.663333333333334,6,0,NaN
06:19:52,L10009,427.63,3,"L10009_2,L10009_1,L10009_0",0.0,7,77.32333333333334,6.936666666666667,7,0,NaN
06:19:54,L10009,427.63,3,"L10009_2,L10009_1,L10009_0",0.0,7,75.35666666666667,6.843333333333334,7,0,NaN
06:19:56,L10009,427.63,3,"L10009_2,L10009_1,L10009_0",0.0,7,79.27,6.8066666666666675,7,0,NaN
06:19:58,L10009,427.63,3,"L10009_2,L10009_1,L10009_0",0.0,7,74.95,6.506666666666667,7,0,NaN
06:20:00,L10009,427.63,3,"L10009_2,L10009_1,L10009_0",0.0,7,79.10333333333334,6.526666666666666,7,0,NaN
06:20:02,L10009,427.63,3,"L10009_2,L10009_1,L10009_0",0.0,6,71.31333333333333,6.426666666666667,6,0,NaN
06:20:04,L10009,427.63,3,"L10009_2,L10009_1,L10009_0",0.0,7,73.52666666666667,6.343333333333334,7,0,NaN
06:20:06,L10009,427.63,3,"L10009_2,L10009_1,L10009_0",0.0,6,66.04333333333334,5.966666666666666,6,0,NaN
06:20:08,L10009,427.63,3,"L10009_2,L10009_1,L10009_0",0.0,6,58.080000000000005,6.243333333333333,6,0,NaN
06:20:10,L10009,427.63,3,"L10009_2,L10009_1,L10009_0",0.0,6,58.660000000000004,6.19,6,0,NaN
06:20:12,L10009,427.63,3,"L10009_2,L10009_1,L10009_0",0.0,6,62.82666666666666,6.196666666666666,6,0,NaN
06:20:14,L10009,427.63,3,"L10009_2,L10009_1,L10009_0",0.0,6,61.07,6.303333333333334,6,0,NaN
06:20:16,L10009,427.63,3,"L10009_2,L10009_1,L10009_0",0.0,6,63.30666666666667,5.859999999999999,6,0,NaN
06:20:18,L10009,427.63,3,"L10009_2,L10009_1,L10009_0",0.0,6,59.75666666666666,5.6933333333333325,6,0,NaN
06:20:20,L10009,427.63,3,"L10009_2,L10009_1,L10009_0",0.0,6,66.92,5.793333333333333,6,0,NaN
06:20:22,L10009,427.63,3,"L10009_2,L10009_1,L10009_0",0.0,7,76.41666666666667,6.843333333333334,7,0,NaN
06:20:24,L10009,427.63,3,"L10009_2,L10009_1,L10009_0",0.0,7,81.15666666666667,7.193333333333334,7,0,NaN
06:20:26,L10009,427.63,3,"L10009_2,L10009_1,L10009_0",0.0,7,80.50000000000001,7.023333333333333,7,0,NaN
06:20:28,L10009,427.63,3,"L10009_2,L10009_1,L10009_0",0.0,7,81.86666666666666,7.523333333333333,7,0,NaN
06:20:30,L10009,427.63,3,"L10009_2,L10009_1,L10009_0",0.0,8,96.27333333333333,7.923333333333335,8,0,NaN
06:20:32,L10009,427.63,3,"L10009_2,L10009_1,L10009_0",0.0,8,88.93666666666667,8.036666666666667,8,0,NaN
06:20:34,L10009,427.63,3,"L10009_2,L10009_1,L10009_0",0.0,8,89.73333333333333,8.18,8,0,NaN
06:20:36,L10009,427.63,3,"L10009_2,L10009_1,L10009_0",0.0,8,88.70666666666666,7.986666666666667,8,0,NaN
06:20:38,L10009,427.63,3,"L10009_2,L10009_1,L10009_0",0.0,8,88.06666666666666,8.283333333333333,8,0,NaN
06:20:40,L10009,427.63,3,"L10009_2,L10009_1,L10009_0",0.0,8,94.71333333333335,8.103333333333333,8,0,NaN
06:20:42,L10009,427.63,3,"L10009_2,L10009_1,L10009_0",0.0,8,90.13333333333334,8.103333333333333,8,0,NaN
06:20:44,L10009,427.63,3,"L10009_2,L10009_1,L10009_0",0.0,8,93.42,8.06,8,0,NaN
06:20:46,L10009,427.63,3,"L10009_2,L10009_1,L10009_0",0.0,7,85.83999999999999,7.743333333333332,7,0,NaN
06:20:48,L10009,427.63,3,"L10009_2,L10009_1,L10009_0",0.0,7,86.83999999999999,7.773333333333333,7,0,NaN
06:20:50,L10009,427.63,3,"L10009_2,L10009_1,L10009_0",0.0,8,90.73333333333335,7.743333333333332,8,0,NaN
06:20:52,L10009,427.63,3,"L10009_2,L10009_1,L10009_0",0.0,8,97.43333333333334,8.083333333333334,8,0,NaN
06:20:54,L10009,427.63,3,"L10009_2,L10009_1,L10009_0",0.0,8,94.01333333333332,8.283333333333333,8,0,NaN
06:20:56,L10009,427.63,3,"L10009_2,L10009_1,L10009_0",0.0,8,95.67999999999999,8.063333333333333,8,0,NaN
06:20:58,L10009,427.63,3,"L10009_2,L10009_1,L10009_0",0.0,8,82.75333333333333,7.706666666666666,8,0,NaN
06:21:00,L10009,427.63,3,"L10009_2,L10009_1,L10009_0",0.0,7,70.81,7.55,7,0,NaN
06:21:02,L10009,427.63,3,"L10009_2,L10009_1,L10009_0",0.0,8,75.97666666666667,7.743333333333332,8,0,NaN
06:21:04,L10009,427.63,3,"L10009_2,L10009_1,L10009_0",0.0,8,79.37333333333335,7.18,8,0,NaN
06:21:06,L10009,427.63,3,"L10009_2,L10009_1,L10009_0",0.0,7,77.75333333333333,6.5200000000000005,7,0,NaN
06:21:08,L10009,427.63,3,"L10009_2,L10009_1,L10009_0",0.0,6,67.97,6.260000000000001,6,0,NaN
06:21:10,L10009,427.63,3,"L10009_2,L10009_1,L10009_0",0.0,6,59.193333333333335,5.86,6,0,NaN
06:21:12,L10009,427.63,3,"L10009_2,L10009_1,L10009_0",0.0,6,67.48666666666666,5.566666666666666,6,0,NaN
06:21:14,L10009,427.63,3,"L10009_2,L10009_1,L10009_0",0.0,6,64.56,5.763333333333333,6,0,NaN
06:21:16,L10009,427.63,3,"L10009_2,L10009_1,L10009_0",0.0,6,68.14,5.936666666666667,6,0,NaN
06:21:18,L10009,427.63,3,"L10009_2,L10009_1,L10009_0",0.0,6,63.93666666666667,5.9799999999999995,6,0,NaN
06:21:20,L10009,427.63,3,"L10009_2,L10009_1,L10009_0",0.0,7,76.37333333333333,5.976666666666667,7,0,NaN
06:21:22,L10009,427.63,3,"L10009_2,L10009_1,L10009_0",0.0,6,74.17999999999999,5.883333333333333,6,0,NaN
06:21:24,L10009,427.63,3,"L10009_2,L10009_1,L10009_0",0.0,6,70.17333333333333,6.113333333333333,6,0,NaN
06:21:26,L10009,427.63,3,"L10009_2,L10009_1,L10009_0",0.0,6,69.69333333333334,6.1000000000000005,6,0,NaN
06:21:28,L10009,427.63,3,"L10009_2,L10009_1,L10009_0",0.0,6,74.00666666666667,6.133333333333333,6,0,NaN
06:21:30,L10009,427.63,3,"L10009_2,L10009_1,L10009_0",0.0,6,74.49666666666667,6.093333333333334,6,0,NaN
06:21:32,L10009,427.63,3,"L10009_2,L10009_1,L10009_0",0.0,6,70.3,6.123333333333334,6,0,NaN
06:21:34,L10009,427.63,3,"L10009_2,L10009_1,L10009_0",0.0,6,70.36,6.123333333333334,6,0,NaN
06:21:36,L10009,427.63,3,"L10009_2,L10009_1,L10009_0",0.0,6,70.23,5.9433333333333325,6,0,NaN
06:21:38,L10009,427.63,3,"L10009_2,L10009_1,L10009_0",0.0,6,70.71,5.843333333333334,6,0,NaN
06:21:40,L10009,427.63,3,"L10009_2,L10009_1,L10009_0",0.0,6,70.1,5.87,6,0,NaN
06:21:42,L10009,427.63,3,"L10009_2,L10009_1,L10009_0",0.0,6,70.22,5.763333333333333,6,0,NaN
06:21:44,L10009,427.63,3,"L10009_2,L10009_1,L10009_0",0.0,6,66.18333333333334,5.9433333333333325,6,0,NaN
06:21:46,L10009,427.63,3,"L10009_2,L10009_1,L10009_0",0.0,6,65.81666666666666,6.123333333333334,6,0,NaN
06:21:48,L10009,427.63,3,"L10009_2,L10009_1,L10009_0",0.0,6,68.98,6.1000000000000005,6,0,NaN
06:21:50,L10009,427.63,3,"L10009_2,L10009_1,L10009_0",0.0,6,65.77333333333333,5.583333333333333,6,0,NaN
06:21:52,L10009,427.63,3,"L10009_2,L10009_1,L10009_0",0.0,5,62.836666666666666,5.763333333333333,5,0,NaN
06:21:54,L10009,427.63,3,"L10009_2,L10009_1,L10009_0",0.0,6,70.90333333333334,6.066666666666667,6,0,NaN
06:21:56,L10009,427.63,3,"L10009_2,L10009_1,L10009_0",0.0,6,69.73,5.976666666666667,6,0,NaN
06:21:58,L10009,427.63,3,"L10009_2,L10009_1,L10009_0",0.0,5,62.943333333333335,5.763333333333333,5,0,NaN
06:22:00,L10009,427.63,3,"L10009_2,L10009_1,L10009_0",0.0,6,67.07333333333334,5.763333333333333,6,0,NaN
06:22:02,L10009,427.63,3,"L10009_2,L10009_1,L10009_0",0.0,6,66.06,5.763333333333333,6,0,NaN
06:22:04,L10009,427.63,3,"L10009_2,L10009_1,L10009_0",0.0,6,70.55999999999999,5.763333333333333,6,0,NaN
06:22:06,L10009,427.63,3,"L10009_2,L10009_1,L10009_0",0.0,6,66.86333333333333,5.763333333333333,6,0,NaN
06:22:08,L10009,427.63,3,"L10009_2,L10009_1,L10009_0",0.0,6,66.86,5.4799999999999995,6,0,NaN
06:22:10,L10009,427.63,3,"L10009_2,L10009_1,L10009_0",0.0,5,61.73999999999999,5.403333333333333,5,0,NaN
06:22:12,L10009,427.63,3,"L10009_2,L10009_1,L10009_0",0.0,5,62.28,5.22,5,0,NaN
06:22:14,L10009,427.63,3,"L10009_2,L10009_1,L10009_0",0.0,5,59.550000000000004,5.25,5,0,NaN
06:22:16,L10009,427.63,3,"L10009_2,L10009_1,L10009_0",0.0,5,63.03,5.22,5,0,NaN
06:22:18,L10009,427.63,3,"L10009_2,L10009_1,L10009_0",0.0,5,62.48333333333333,5.253333333333333,5,0,NaN
06:22:20,L10009,427.63,3,"L10009_2,L10009_1,L10009_0",0.0,5,58.830000000000005,5.04,5,0,NaN
06:22:22,L10009,427.63,3,"L10009_2,L10009_1,L10009_0",0.0,5,63.47666666666667,4.883333333333333,5,0,NaN
06:22:24,L10009,427.63,3,"L10009_2,L10009_1,L10009_0",0.0,5,58.77000000000001,4.8133333333333335,5,0,NaN
06:22:26,L10009,427.63,3,"L10009_2,L10009_1,L10009_0",0.0,5,55.26,5.04,5,0,NaN
06:22:28,L10009,427.63,3,"L10009_2,L10009_1,L10009_0",0.0,5,63.080000000000005,5.306666666666667,5,0,NaN
06:22:30,L10009,427.63,3,"L10009_2,L10009_1,L10009_0",0.0,5,62.76666666666667,5.3500000000000005,5,0,NaN
06:22:32,L10009,427.63,3,"L10009_2,L10009_1,L10009_0",0.0,6,67.47,5.3,6,0,NaN
06:22:34,L10009,427.63,3,"L10009_2,L10009_1,L10009_0",0.0,5,62.03,5.22,5,0,NaN
06:22:36,L10009,427.63,3,"L10009_2,L10009_1,L10009_0",0.0,5,62.22666666666667,5.22,5,0,NaN
06:22:38,L10009,427.63,3,"L10009_2,L10009_1,L10009_0",0.0,5,62.57666666666666,5.193333333333333,5,0,NaN
06:22:40,L10009,427.63,3,"L10009_2,L10009_1,L10009_0",0.0,5,62.63999999999999,5.213333333333334,5,0,NaN
06:22:42,L10009,427.63,3,"L10009_2,L10009_1,L10009_0",0.0,5,62.88666666666666,5.123333333333334,5,0,NaN
06:22:44,L10009,427.63,3,"L10009_2,L10009_1,L10009_0",0.0,5,59.306666666666665,5.3,5,0,NaN
06:22:46,L10009,427.63,3,"L10009_2,L10009_1,L10009_0",0.0,5,62.593333333333334,5.383333333333333,5,0,NaN
06:22:48,L10009,427.63,3,"L10009_2,L10009_1,L10009_0",0.0,5,62.92000000000001,5.63,5,0,NaN
06:22:50,L10009,427.63,3,"L10009_2,L10009_1,L10009_0",0.0,6,74.54333333333332,5.976666666666667,6,0,NaN
06:22:52,L10009,427.63,3,"L10009_2,L10009_1,L10009_0",0.0,6,71.07333333333332,6.303333333333334,6,0,NaN
06:22:54,L10009,427.63,3,"L10009_2,L10009_1,L10009_0",0.0,6,70.43333333333334,6.003333333333334,6,0,NaN
06:22:56,L10009,427.63,3,"L10009_2,L10009_1,L10009_0",0.0,6,70.81333333333333,6.123333333333334,6,0,NaN
06:22:58,L10009,427.63,3,"L10009_2,L10009_1,L10009_0",0.0,6,70.22666666666667,6.19,6,0,NaN
06:23:00,L10009,427.63,3,"L10009_2,L10009_1,L10009_0",0.0,6,71.04666666666667,6.123333333333334,6,0,NaN
06:23:02,L10009,427.63,3,"L10009_2,L10009_1,L10009_0",0.0,6,74.47333333333334,6.010000000000001,6,0,NaN
06:23:04,L10009,427.63,3,"L10009_2,L10009_1,L10009_0",0.0,6,70.44,5.616666666666667,6,0,NaN
06:23:06,L10009,427.63,3,"L10009_2,L10009_1,L10009_0",0.0,6,66.67666666666666,5.6000000000000005,6,0,NaN
06:23:08,L10009,427.63,3,"L10009_2,L10009_1,L10009_0",0.0,5,63.36666666666667,5.63,5,0,NaN
06:23:10,L10009,427.63,3,"L10009_2,L10009_1,L10009_0",0.0,6,66.21333333333334,5.63,6,0,NaN
06:23:12,L10009,427.63,3,"L10009_2,L10009_1,L10009_0",0.0,6,67.03333333333333,5.763333333333333,6,0,NaN
06:23:14,L10009,427.63,3,"L10009_2,L10009_1,L10009_0",0.0,6,66.16333333333333,5.763333333333333,6,0,NaN
06:23:16,L10009,427.63,3,"L10009_2,L10009_1,L10009_0",0.0,6,66.22,5.743333333333332,6,0,NaN
06:23:18,L10009,427.63,3,"L10009_2,L10009_1,L10009_0",0.0,6,65.94666666666667,5.596666666666667,6,0,NaN
06:23:20,L10009,427.63,3,"L10009_2,L10009_1,L10009_0",0.0,6,67.53666666666668,5.583333333333333,6,0,NaN
06:23:22,L10009,427.63,3,"L10009_2,L10009_1,L10009_0",0.0,6,66.20666666666666,5.493333333333333,6,0,NaN
06:23:24,L10009,427.63,3,"L10009_2,L10009_1,L10009_0",0.0,5,62.583333333333336,5.583333333333333,5,0,NaN
06:23:26,L10009,427.63,3,"L10009_2,L10009_1,L10009_0",0.0,5,61.71666666666666,5.536666666666666,5,0,NaN
06:23:28,L10009,427.63,3,"L10009_2,L10009_1,L10009_0",0.0,5,62.72,5.33,5,0,NaN
06:23:30,L10009,427.63,3,"L10009_2,L10009_1,L10009_0",0.0,5,62.50666666666667,5.59,5,0,NaN
06:23:32,L10009,427.63,3,"L10009_2,L10009_1,L10009_0",0.0,6,70.98,5.6866666666666665,6,0,NaN
06:23:34,L10009,427.63,3,"L10009_2,L10009_1,L10009_0",0.0,6,69.86,5.9433333333333325,6,0,NaN
06:23:36,L10009,427.63,3,"L10009_2,L10009_1,L10009_0",0.0,6,69.94333333333333,6.090000000000001,6,0,NaN
06:23:38,L10009,427.63,3,"L10009_2,L10009_1,L10009_0",0.0,6,70.73333333333333,6.146666666666667,6,0,NaN
06:23:40,L10009,427.63,3,"L10009_2,L10009_1,L10009_0",0.0,7,76.80666666666666,6.37,7,0,NaN
06:23:42,L10009,427.63,3,"L10009_2,L10009_1,L10009_0",0.0,6,73.18,6.123333333333334,6,0,NaN
06:23:44,L10009,427.63,3,"L10009_2,L10009_1,L10009_0",0.0,6,73.56,6.303333333333334,6,0,NaN
06:23:46,L10009,427.63,3,"L10009_2,L10009_1,L10009_0",0.0,6,73.30666666666666,6.21,6,0,NaN
06:23:48,L10009,427.63,3,"L10009_2,L10009_1,L10009_0",0.0,7,75.94666666666666,6.43,7,0,NaN
06:23:50,L10009,427.63,3,"L10009_2,L10009_1,L10009_0",0.0,6,71.93666666666667,6.543333333333334,6,0,NaN
06:23:52,L10009,427.63,3,"L10009_2,L10009_1,L10009_0",0.0,6,73.24,6.656666666666666,6,0,NaN
06:23:54,L10009,427.63,3,"L10009_2,L10009_1,L10009_0",0.0,6,72.87,6.463333333333334,6,0,NaN
06:23:56,L10009,427.63,3,"L10009_2,L10009_1,L10009_0",0.0,7,78.25333333333333,6.883333333333333,7,0,NaN
06:23:58,L10009,427.63,3,"L10009_2,L10009_1,L10009_0",0.0,7,82.34666666666666,6.966666666666666,7,0,NaN
06:24:00,L10009,427.63,3,"L10009_2,L10009_1,L10009_0",0.0,7,83.55666666666667,7.023333333333333,7,0,NaN
06:24:02,L10009,427.63,3,"L10009_2,L10009_1,L10009_0",0.0,7,83.32,7.023333333333333,7,0,NaN
06:24:04,L10009,427.63,3,"L10009_2,L10009_1,L10009_0",0.0,7,78.85,6.886666666666667,7,0,NaN
06:24:06,L10009,427.63,3,"L10009_2,L10009_1,L10009_0",0.0,7,79.21666666666665,7.023333333333333,7,0,NaN
06:24:08,L10009,427.63,3,"L10009_2,L10009_1,L10009_0",0.0,7,78.86666666666666,7.023333333333333,7,0,NaN
06:24:10,L10009,427.63,3,"L10009_2,L10009_1,L10009_0",0.0,7,78.81666666666668,6.843333333333334,7,0,NaN
06:24:12,L10009,427.63,3,"L10009_2,L10009_1,L10009_0",0.0,6,74.67666666666666,6.483333333333334,6,0,NaN
06:24:14,L10009,427.63,3,"L10009_2,L10009_1,L10009_0",0.0,6,73.79,6.303333333333334,6,0,NaN
06:24:16,L10009,427.63,3,"L10009_2,L10009_1,L10009_0",0.0,6,70.03,6.483333333333334,6,0,NaN
06:24:18,L10009,427.63,3,"L10009_2,L10009_1,L10009_0",0.0,6,74.27666666666666,6.376666666666668,6,0,NaN
06:24:20,L10009,427.63,3,"L10009_2,L10009_1,L10009_0",0.0,6,74.09333333333335,6.253333333333334,6,0,NaN
06:24:22,L10009,427.63,3,"L10009_2,L10009_1,L10009_0",0.0,7,77.7,6.52,7,0,NaN
06:24:24,L10009,427.63,3,"L10009_2,L10009_1,L10009_0",0.0,7,78.40666666666667,6.386666666666667,7,0,NaN
06:24:26,L10009,427.63,3,"L10009_2,L10009_1,L10009_0",0.0,6,69.88666666666667,6.346666666666667,6,0,NaN
06:24:28,L10009,427.63,3,"L10009_2,L10009_1,L10009_0",0.0,6,75.63333333333333,6.313333333333333,6,0,NaN
06:24:30,L10009,427.63,3,"L10009_2,L10009_1,L10009_0",0.0,6,74.31333333333333,6.213333333333334,6,0,NaN
06:24:32,L10009,427.63,3,"L10009_2,L10009_1,L10009_0",0.0,5,63.120000000000005,5.723333333333334,5,0,NaN
06:24:34,L10009,427.63,3,"L10009_2,L10009_1,L10009_0",0.0,6,66.82666666666667,5.583333333333333,6,0,NaN
06:24:36,L10009,427.63,3,"L10009_2,L10009_1,L10009_0",0.0,6,66.26333333333334,5.696666666666666,6,0,NaN
06:24:38,L10009,427.63,3,"L10009_2,L10009_1,L10009_0",0.0,6,69.94,5.6433333333333335,6,0,NaN
06:24:40,L10009,427.63,3,"L10009_2,L10009_1,L10009_0",0.0,6,66.53666666666668,5.650000000000001,6,0,NaN
06:24:42,L10009,427.63,3,"L10009_2,L10009_1,L10009_0",0.0,5,63.61333333333334,5.400000000000001,5,0,NaN
06:24:44,L10009,427.63,3,"L10009_2,L10009_1,L10009_0",0.0,6,68.75,5.536666666666666,6,0,NaN
06:24:46,L10009,427.63,3,"L10009_2,L10009_1,L10009_0",0.0,6,68.83333333333333,5.94,6,0,NaN
06:24:48,L10009,427.63,3,"L10009_2,L10009_1,L10009_0",0.0,6,64.91666666666667,5.953333333333333,6,0,NaN
06:24:50,L10009,427.63,3,"L10009_2,L10009_1,L10009_0",0.0,7,76.35,6.3,7,0,NaN
06:24:52,L10009,427.63,3,"L10009_2,L10009_1,L10009_0",0.0,6,72.44,6.613333333333333,6,0,NaN
06:24:54,L10009,427.63,3,"L10009_2,L10009_1,L10009_0",0.0,6,69.22666666666667,6.3,6,0,NaN
06:24:56,L10009,427.63,3,"L10009_2,L10009_1,L10009_0",0.0,6,73.39333333333333,6.373333333333334,6,0,NaN
06:24:58,L10009,427.63,3,"L10009_2,L10009_1,L10009_0",0.0,6,68.77,6.163333333333333,6,0,NaN
06:25:00,L10009,427.63,3,"L10009_2,L10009_1,L10009_0",0.0,6,73.37333333333335,6.05,6,0,NaN
06:25:02,L10009,427.63,3,"L10009_2,L10009_1,L10009_0",0.0,6,70.24666666666667,5.926666666666667,6,0,NaN
06:25:04,L10009,427.63,3,"L10009_2,L10009_1,L10009_0",0.0,6,65.50333333333333,5.760000000000001,6,0,NaN
06:25:06,L10009,427.63,3,"L10009_2,L10009_1,L10009_0",0.0,6,66.25666666666666,5.580000000000001,6,0,NaN
06:25:08,L10009,427.63,3,"L10009_2,L10009_1,L10009_0",0.0,6,66.45,5.816666666666667,6,0,NaN
06:25:10,L10009,427.63,3,"L10009_2,L10009_1,L10009_0",0.0,6,70.30666666666667,6.303333333333334,6,0,NaN
06:25:12,L10009,427.63,3,"L10009_2,L10009_1,L10009_0",0.0,6,74.75666666666667,6.303333333333334,6,0,NaN
06:25:14,L10009,427.63,3,"L10009_2,L10009_1,L10009_0",0.0,6,70.02,6.123333333333334,6,0,NaN
06:25:16,L10009,427.63,3,"L10009_2,L10009_1,L10009_0",0.0,7,78.41333333333334,6.12,7,0,NaN
06:25:18,L10009,427.63,3,"L10009_2,L10009_1,L10009_0",0.0,6,65.96333333333334,6.12,6,0,NaN
06:25:20,L10009,427.63,3,"L10009_2,L10009_1,L10009_0",0.0,6,70.66,6.153333333333333,6,0,NaN
06:25:22,L10009,427.63,3,"L10009_2,L10009_1,L10009_0",0.0,6,69.83999999999999,6.103333333333334,6,0,NaN
06:25:24,L10009,427.63,3,"L10009_2,L10009_1,L10009_0",0.0,6,69.89,5.94,6,0,NaN
06:25:26,L10009,427.63,3,"L10009_2,L10009_1,L10009_0",0.0,6,66.38000000000001,5.400000000000001,6,0,NaN
06:25:28,L10009,427.63,3,"L10009_2,L10009_1,L10009_0",0.0,5,63.02666666666667,5.400000000000001,5,0,NaN
06:25:30,L10009,427.63,3,"L10009_2,L10009_1,L10009_0",0.0,5,62.44,5.34,5,0,NaN
06:25:32,L10009,427.63,3,"L10009_2,L10009_1,L10009_0",0.0,5,62.36000000000001,5.316666666666667,5,0,NaN
06:25:34,L10009,427.63,3,"L10009_2,L10009_1,L10009_0",0.0,5,61.626666666666665,5.3999999999999995,5,0,NaN
06:25:36,L10009,427.63,3,"L10009_2,L10009_1,L10009_0",0.0,5,62.620000000000005,5.583333333333333,5,0,NaN
06:25:38,L10009,427.63,3,"L10009_2,L10009_1,L10009_0",0.0,6,66.43333333333332,5.583333333333333,6,0,NaN
06:25:40,L10009,427.63,3,"L10009_2,L10009_1,L10009_0",0.0,6,66.56666666666668,5.583333333333333,6,0,NaN
06:25:42,L10009,427.63,3,"L10009_2,L10009_1,L10009_0",0.0,6,74.86,6.03,6,0,NaN
06:25:44,L10009,427.63,3,"L10009_2,L10009_1,L10009_0",0.0,6,70.36,5.9433333333333325,6,0,NaN
06:25:46,L10009,427.63,3,"L10009_2,L10009_1,L10009_0",0.0,6,70.90666666666667,5.68,6,0,NaN
06:25:48,L10009,427.63,3,"L10009_2,L10009_1,L10009_0",0.0,6,67.41666666666667,5.763333333333333,6,0,NaN
06:25:50,L10009,427.63,3,"L10009_2,L10009_1,L10009_0",0.0,5,63.34,5.583333333333333,5,0,NaN
06:25:52,L10009,427.63,3,"L10009_2,L10009_1,L10009_0",0.0,5,62.74666666666666,5.7299999999999995,5,0,NaN
06:25:54,L10009,427.63,3,"L10009_2,L10009_1,L10009_0",0.0,6,66.95333333333333,5.763333333333333,6,0,NaN
06:25:56,L10009,427.63,3,"L10009_2,L10009_1,L10009_0",0.0,5,62.96333333333333,5.403333333333333,5,0,NaN
06:25:58,L10009,427.63,3,"L10009_2,L10009_1,L10009_0",0.0,6,69.57333333333334,5.763333333333333,6,0,NaN
06:26:00,L10009,427.63,3,"L10009_2,L10009_1,L10009_0",0.0,6,66.19,5.579999999999999,6,0,NaN
06:26:02,L10009,427.63,3,"L10009_2,L10009_1,L10009_0",0.0,5,61.92333333333334,5.743333333333333,5,0,NaN
06:26:04,L10009,427.63,3,"L10009_2,L10009_1,L10009_0",0.0,6,66.87,5.696666666666666,6,0,NaN
06:26:06,L10009,427.63,3,"L10009_2,L10009_1,L10009_0",0.0,6,66.96000000000001,5.646666666666666,6,0,NaN
06:26:08,L10009,427.63,3,"L10009_2,L10009_1,L10009_0",0.0,6,71.25999999999999,5.766666666666667,6,0,NaN
06:26:10,L10009,427.63,3,"L10009_2,L10009_1,L10009_0",0.0,6,65.78,5.763333333333333,6,0,NaN
06:26:12,L10009,427.63,3,"L10009_2,L10009_1,L10009_0",0.0,6,69.87333333333333,5.956666666666666,6,0,NaN
06:26:14,L10009,427.63,3,"L10009_2,L10009_1,L10009_0",0.0,7,82.58,6.183333333333334,7,0,NaN
06:26:16,L10009,427.63,3,"L10009_2,L10009_1,L10009_0",0.0,6,68.77000000000001,6.03,6,0,NaN
06:26:18,L10009,427.63,3,"L10009_2,L10009_1,L10009_0",0.0,7,77.77666666666666,6.1933333333333325,7,0,NaN
06:26:20,L10009,427.63,3,"L10009_2,L10009_1,L10009_0",0.0,6,70.09,6.123333333333334,6,0,NaN
06:26:22,L10009,427.63,3,"L10009_2,L10009_1,L10009_0",0.0,6,70.03,6.123333333333334,6,0,NaN
06:26:24,L10009,427.63,3,"L10009_2,L10009_1,L10009_0",0.0,6,70.7,5.9433333333333325,6,0,NaN
06:26:26,L10009,427.63,3,"L10009_2,L10009_1,L10009_0",0.0,6,74.93333333333334,6.123333333333334,6,0,NaN
06:26:28,L10009,427.63,3,"L10009_2,L10009_1,L10009_0",0.0,6,74.64666666666666,6.36,6,0,NaN
06:26:30,L10009,427.63,3,"L10009_2,L10009_1,L10009_0",0.0,6,74.92666666666666,6.303333333333334,6,0,NaN
06:26:32,L10009,427.63,3,"L10009_2,L10009_1,L10009_0",0.0,7,78.39,6.663333333333333,7,0,NaN
06:26:34,L10009,427.63,3,"L10009_2,L10009_1,L10009_0",0.0,7,86.94333333333334,7.683333333333333,7,0,NaN
06:26:36,L10009,427.63,3,"L10009_2,L10009_1,L10009_0",0.0,7,85.44666666666666,7.25,7,0,NaN
06:26:38,L10009,427.63,3,"L10009_2,L10009_1,L10009_0",0.0,7,82.34666666666666,7.11,7,0,NaN
06:26:40,L10009,427.63,3,"L10009_2,L10009_1,L10009_0",0.0,7,82.57333333333334,7.203333333333333,7,0,NaN
06:26:42,L10009,427.63,3,"L10009_2,L10009_1,L10009_0",0.0,7,81.99333333333334,7.163333333333333,7,0,NaN
06:26:44,L10009,427.63,3,"L10009_2,L10009_1,L10009_0",0.0,7,81.82333333333334,7.066666666666666,7,0,NaN
06:26:46,L10009,427.63,3,"L10009_2,L10009_1,L10009_0",0.0,7,82.58,7.123333333333332,7,0,NaN
06:26:48,L10009,427.63,3,"L10009_2,L10009_1,L10009_0",0.0,7,81.96,6.663333333333334,7,0,NaN
06:26:50,L10009,427.63,3,"L10009_2,L10009_1,L10009_0",0.0,7,75.79666666666667,6.62,7,0,NaN
06:26:52,L10009,427.63,3,"L10009_2,L10009_1,L10009_0",0.0,7,76.13333333333334,6.253333333333334,7,0,NaN
06:26:54,L10009,427.63,3,"L10009_2,L10009_1,L10009_0",0.0,6,67.67999999999999,6.31,6,0,NaN
06:26:56,L10009,427.63,3,"L10009_2,L10009_1,L10009_0",0.0,6,70.26,5.9433333333333325,6,0,NaN
06:26:58,L10009,427.63,3,"L10009_2,L10009_1,L10009_0",0.0,6,66.92333333333333,5.8566666666666665,6,0,NaN
06:27:00,L10009,427.63,3,"L10009_2,L10009_1,L10009_0",0.0,6,67.09333333333333,5.763333333333333,6,0,NaN
06:27:02,L10009,427.63,3,"L10009_2,L10009_1,L10009_0",0.0,6,70.44,6.156666666666666,6,0,NaN
06:27:04,L10009,427.63,3,"L10009_2,L10009_1,L10009_0",0.0,6,70.92,5.956666666666667,6,0,NaN
06:27:06,L10009,427.63,3,"L10009_2,L10009_1,L10009_0",0.0,6,71.04,5.956666666666667,6,0,NaN
06:27:08,L10009,427.63,3,"L10009_2,L10009_1,L10009_0",0.0,6,71.1,5.983333333333333,6,0,NaN
06:27:10,L10009,427.63,3,"L10009_2,L10009_1,L10009_0",0.0,6,70.38000000000001,5.583333333333333,6,0,NaN
06:27:12,L10009,427.63,3,"L10009_2,L10009_1,L10009_0",0.0,6,66.60000000000001,5.460000000000001,6,0,NaN
06:27:14,L10009,427.63,3,"L10009_2,L10009_1,L10009_0",0.0,6,66.30666666666667,5.763333333333333,6,0,NaN
06:27:16,L10009,427.63,3,"L10009_2,L10009_1,L10009_0",0.0,6,70.17999999999999,5.753333333333334,6,0,NaN
06:27:18,L10009,427.63,3,"L10009_2,L10009_1,L10009_0",0.0,6,65.23333333333333,5.683333333333334,6,0,NaN
06:27:20,L10009,427.63,3,"L10009_2,L10009_1,L10009_0",0.0,6,69.54666666666667,5.776666666666666,6,0,NaN
06:27:22,L10009,427.63,3,"L10009_2,L10009_1,L10009_0",0.0,6,65.26,5.8566666666666665,6,0,NaN
06:27:24,L10009,427.63,3,"L10009_2,L10009_1,L10009_0",0.0,6,65.59333333333333,5.923333333333333,6,0,NaN
06:27:26,L10009,427.63,3,"L10009_2,L10009_1,L10009_0",0.0,6,68.97333333333333,5.8933333333333335,6,0,NaN
06:27:28,L10009,427.63,3,"L10009_2,L10009_1,L10009_0",0.0,6,70.52333333333333,5.973333333333334,6,0,NaN
06:27:30,L10009,427.63,3,"L10009_2,L10009_1,L10009_0",0.0,6,63.656666666666666,5.763333333333333,6,0,NaN
06:27:32,L10009,427.63,3,"L10009_2,L10009_1,L10009_0",0.0,6,69.12,5.836666666666667,6,0,NaN
06:27:34,L10009,427.63,3,"L10009_2,L10009_1,L10009_0",0.0,6,64.03,6.043333333333334,6,0,NaN
06:27:36,L10009,427.63,3,"L10009_2,L10009_1,L10009_0",0.0,6,66.21999999999998,6.133333333333333,6,0,NaN
06:27:38,L10009,427.63,3,"L10009_2,L10009_1,L10009_0",0.0,6,68.36333333333333,6.16,6,0,NaN
06:27:40,L10009,427.63,3,"L10009_2,L10009_1,L10009_0",0.0,6,65.13,6.113333333333333,6,0,NaN
06:27:42,L10009,427.63,3,"L10009_2,L10009_1,L10009_0",0.0,7,73.99000000000001,6.0566666666666675,7,0,NaN
06:27:44,L10009,427.63,3,"L10009_2,L10009_1,L10009_0",0.0,6,70.37,6.186666666666667,6,0,NaN
06:27:46,L10009,427.63,3,"L10009_2,L10009_1,L10009_0",0.0,6,66.60666666666667,6.123333333333334,6,0,NaN
06:27:48,L10009,427.63,3,"L10009_2,L10009_1,L10009_0",0.0,6,64.53999999999999,5.976666666666667,6,0,NaN
06:27:50,L10009,427.63,3,"L10009_2,L10009_1,L10009_0",0.0,6,65.24666666666667,5.61,6,0,NaN
06:27:52,L10009,427.63,3,"L10009_2,L10009_1,L10009_0",0.0,5,58.04333333333333,5.72,5,0,NaN
06:27:54,L10009,427.63,3,"L10009_2,L10009_1,L10009_0",0.0,6,63.48,5.8500000000000005,6,0,NaN
06:27:56,L10009,427.63,3,"L10009_2,L10009_1,L10009_0",0.0,6,61.699999999999996,5.650000000000001,6,0,NaN
06:27:58,L10009,427.63,3,"L10009_2,L10009_1,L10009_0",0.0,5,58.406666666666666,5.580000000000001,5,0,NaN
06:28:00,L10009,427.63,3,"L10009_2,L10009_1,L10009_0",0.0,5,57.620000000000005,5.45,5,0,NaN
06:28:02,L10009,427.63,3,"L10009_2,L10009_1,L10009_0",0.0,6,61.699999999999996,5.476666666666667,6,0,NaN
06:28:04,L10009,427.63,3,"L10009_2,L10009_1,L10009_0",0.0,5,58.44,5.436666666666667,5,0,NaN
06:28:06,L10009,427.63,3,"L10009_2,L10009_1,L10009_0",0.0,5,60.52,5.45,5,0,NaN
06:28:08,L10009,427.63,3,"L10009_2,L10009_1,L10009_0",0.0,6,62.50333333333333,5.253333333333333,6,0,NaN
06:28:10,L10009,427.63,3,"L10009_2,L10009_1,L10009_0",0.0,5,55.31333333333334,5.3500000000000005,5,0,NaN
06:28:12,L10009,427.63,3,"L10009_2,L10009_1,L10009_0",0.0,5,57.57333333333332,5.376666666666666,5,0,NaN
06:28:14,L10009,427.63,3,"L10009_2,L10009_1,L10009_0",0.0,5,57.839999999999996,4.933333333333334,5,0,NaN
06:28:16,L10009,427.63,3,"L10009_2,L10009_1,L10009_0",0.0,5,54.10999999999999,4.993333333333333,5,0,NaN
06:28:18,L10009,427.63,3,"L10009_2,L10009_1,L10009_0",0.0,5,54.44333333333333,4.836666666666667,5,0,NaN
06:28:20,L10009,427.63,3,"L10009_2,L10009_1,L10009_0",0.0,5,50.04333333333333,4.62,5,0,NaN
06:28:22,L10009,427.63,3,"L10009_2,L10009_1,L10009_0",0.0,5,53.650000000000006,4.493333333333333,5,0,NaN
06:28:24,L10009,427.63,3,"L10009_2,L10009_1,L10009_0",0.0,5,52.096666666666664,4.5,5,0,NaN
06:28:26,L10009,427.63,3,"L10009_2,L10009_1,L10009_0",0.0,5,51.52,4.8566666666666665,5,0,NaN
06:28:28,L10009,427.63,3,"L10009_2,L10009_1,L10009_0",0.0,5,54.13666666666666,4.5,5,0,NaN
06:28:30,L10009,427.63,3,"L10009_2,L10009_1,L10009_0",0.0,5,57.919999999999995,5.123333333333333,5,0,NaN
06:28:32,L10009,427.63,3,"L10009_2,L10009_1,L10009_0",0.0,6,64.67666666666666,5.04,6,0,NaN
06:28:34,L10009,427.63,3,"L10009_2,L10009_1,L10009_0",0.0,5,56.0,5.023333333333333,5,0,NaN
06:28:36,L10009,427.63,3,"L10009_2,L10009_1,L10009_0",0.0,5,57.24333333333334,5.046666666666667,5,0,NaN
06:28:38,L10009,427.63,3,"L10009_2,L10009_1,L10009_0",0.0,5,58.64666666666667,5.033333333333333,5,0,NaN
06:28:40,L10009,427.63,3,"L10009_2,L10009_1,L10009_0",0.0,5,61.333333333333336,5.133333333333334,5,0,NaN
06:28:42,L10009,427.63,3,"L10009_2,L10009_1,L10009_0",0.0,5,58.653333333333336,5.19,5,0,NaN
06:28:44,L10009,427.63,3,"L10009_2,L10009_1,L10009_0",0.0,5,56.416666666666664,4.86,5,0,NaN
06:28:46,L10009,427.63,3,"L10009_2,L10009_1,L10009_0",0.0,5,57.629999999999995,5.043333333333334,5,0,NaN
06:28:48,L10009,427.63,3,"L10009_2,L10009_1,L10009_0",0.0,5,56.660000000000004,5.22,5,0,NaN
06:28:50,L10009,427.63,3,"L10009_2,L10009_1,L10009_0",0.0,5,57.39333333333334,5.33,5,0,NaN
06:28:52,L10009,427.63,3,"L10009_2,L10009_1,L10009_0",0.0,5,56.65,5.04,5,0,NaN
06:28:54,L10009,427.63,3,"L10009_2,L10009_1,L10009_0",0.0,5,60.20333333333334,5.333333333333333,5,0,NaN
06:28:56,L10009,427.63,3,"L10009_2,L10009_1,L10009_0",0.0,5,58.18000000000001,5.266666666666667,5,0,NaN
06:28:58,L10009,427.63,3,"L10009_2,L10009_1,L10009_0",0.0,5,61.0,5.55,5,0,NaN
06:29:00,L10009,427.63,3,"L10009_2,L10009_1,L10009_0",0.0,5,61.73333333333333,5.32,5,0,NaN
06:29:02,L10009,427.63,3,"L10009_2,L10009_1,L10009_0",0.0,6,69.61999999999999,5.3999999999999995,6,0,NaN
06:29:04,L10009,427.63,3,"L10009_2,L10009_1,L10009_0",0.0,5,58.27,5.400000000000001,5,0,NaN
06:29:06,L10009,427.63,3,"L10009_2,L10009_1,L10009_0",0.0,5,59.06,5.0,5,0,NaN
06:29:08,L10009,427.63,3,"L10009_2,L10009_1,L10009_0",0.0,5,54.72,4.680000000000001,5,0,NaN
06:29:10,L10009,427.63,3,"L10009_2,L10009_1,L10009_0",0.0,4,50.300000000000004,4.543333333333334,4,0,NaN
06:29:12,L10009,427.63,3,"L10009_2,L10009_1,L10009_0",0.0,4,50.32666666666666,4.16,4,0,NaN
06:29:14,L10009,427.63,3,"L10009_2,L10009_1,L10009_0",0.0,4,46.44,3.84,4,0,NaN
06:29:16,L10009,427.63,3,"L10009_2,L10009_1,L10009_0",0.0,4,47.1,3.65,4,0,NaN
06:29:18,L10009,427.63,3,"L10009_2,L10009_1,L10009_0",0.0,4,49.053333333333335,4.226666666666667,4,0,NaN
06:29:20,L10009,427.63,3,"L10009_2,L10009_1,L10009_0",0.0,5,53.21,4.32,5,0,NaN
06:29:22,L10009,427.63,3,"L10009_2,L10009_1,L10009_0",0.0,5,53.13999999999999,4.319999999999999,5,0,NaN
06:29:24,L10009,427.63,3,"L10009_2,L10009_1,L10009_0",0.0,5,55.403333333333336,4.966666666666666,5,0,NaN
06:29:26,L10009,427.63,3,"L10009_2,L10009_1,L10009_0",0.0,5,55.56999999999999,5.1466666666666665,5,0,NaN
06:29:28,L10009,427.63,3,"L10009_2,L10009_1,L10009_0",0.0,5,55.330000000000005,5.043333333333334,5,0,NaN
06:29:30,L10009,427.63,3,"L10009_2,L10009_1,L10009_0",0.0,5,58.00333333333333,5.07,5,0,NaN
06:29:32,L10009,427.63,3,"L10009_2,L10009_1,L10009_0",0.0,5,59.31333333333333,5.010000000000001,5,0,NaN
06:29:34,L10009,427.63,3,"L10009_2,L10009_1,L10009_0",0.0,5,51.949999999999996,5.04,5,0,NaN
06:29:36,L10009,427.63,3,"L10009_2,L10009_1,L10009_0",0.0,5,61.03333333333333,4.989999999999999,5,0,NaN
06:29:38,L10009,427.63,3,"L10009_2,L10009_1,L10009_0",0.0,5,61.133333333333326,4.76,5,0,NaN
06:29:40,L10009,427.63,3,"L10009_2,L10009_1,L10009_0",0.0,5,52.29999999999999,4.680000000000001,5,0,NaN
06:29:42,L10009,427.63,3,"L10009_2,L10009_1,L10009_0",0.0,5,53.379999999999995,4.763333333333334,5,0,NaN
06:29:44,L10009,427.63,3,"L10009_2,L10009_1,L10009_0",0.0,5,57.72,5.04,5,0,NaN
06:29:46,L10009,427.63,3,"L10009_2,L10009_1,L10009_0",0.0,5,58.02333333333333,5.16,5,0,NaN
06:29:48,L10009,427.63,3,"L10009_2,L10009_1,L10009_0",0.0,6,66.48666666666666,6.123333333333334,6,0,NaN
06:29:50,L10009,427.63,3,"L10009_2,L10009_1,L10009_0",0.0,6,69.57333333333334,6.303333333333334,6,0,NaN
06:29:52,L10009,427.63,3,"L10009_2,L10009_1,L10009_0",0.0,6,73.53333333333335,6.236666666666667,6,0,NaN
06:29:54,L10009,427.63,3,"L10009_2,L10009_1,L10009_0",0.0,7,79.03333333333333,6.56,7,0,NaN
06:29:56,L10009,427.63,3,"L10009_2,L10009_1,L10009_0",0.0,6,71.05666666666666,6.263333333333333,6,0,NaN
06:29:58,L10009,427.63,3,"L10009_2,L10009_1,L10009_0",0.0,6,69.29333333333334,6.326666666666667,6,0,NaN
06:30:00,L10009,427.63,3,"L10009_2,L10009_1,L10009_0",0.0,6,66.65666666666665,6.243333333333333,6,0,NaN
06:30:02,L10009,427.63,3,"L10009_2,L10009_1,L10009_0",0.77,6,63.4,6.44,6,0,NaN
06:30:04,L10009,427.63,3,"L10009_2,L10009_1,L10009_0",0.0,6,68.19,6.396666666666667,6,0,NaN
06:30:06,L10009,427.63,3,"L10009_2,L10009_1,L10009_0",0.0,6,72.32666666666667,6.363333333333333,6,0,NaN
06:30:08,L10009,427.63,3,"L10009_2,L10009_1,L10009_0",0.0,6,71.86999999999999,6.483333333333334,6,0,NaN
06:30:10,L10009,427.63,3,"L10009_2,L10009_1,L10009_0",0.0,6,73.45333333333333,6.21,6,0,NaN
06:30:12,L10009,427.63,3,"L10009_2,L10009_1,L10009_0",0.0,6,66.16000000000001,6.046666666666667,6,0,NaN
06:30:14,L10009,427.63,3,"L10009_2,L10009_1,L10009_0",0.0,6,70.82,6.123333333333334,6,0,NaN
06:30:16,L10009,427.63,3,"L10009_2,L10009_1,L10009_0",0.0,6,74.39999999999999,6.11,6,0,NaN
06:30:18,L10009,427.63,3,"L10009_2,L10009_1,L10009_0",0.0,6,70.29333333333334,6.12,6,0,NaN
06:30:20,L10009,427.63,3,"L10009_2,L10009_1,L10009_0",0.0,6,69.45333333333333,5.886666666666667,6,0,NaN
06:30:22,L10009,427.63,3,"L10009_2,L10009_1,L10009_0",0.0,6,59.26333333333333,6.123333333333334,6,0,NaN
06:30:24,L10009,427.63,3,"L10009_2,L10009_1,L10009_0",0.0,6,69.08,5.746666666666666,6,0,NaN
06:30:26,L10009,427.63,3,"L10009_2,L10009_1,L10009_0",0.0,6,68.98,5.993333333333333,6,0,NaN
06:30:28,L10009,427.63,3,"L10009_2,L10009_1,L10009_0",0.0,6,64.23,5.88,6,0,NaN
06:30:30,L10009,427.63,3,"L10009_2,L10009_1,L10009_0",0.0,6,67.52000000000001,5.786666666666666,6,0,NaN
06:30:32,L10009,427.63,3,"L10009_2,L10009_1,L10009_0",0.0,6,72.93333333333334,6.123333333333334,6,0,NaN
06:30:34,L10009,427.63,3,"L10009_2,L10009_1,L10009_0",0.0,6,69.0,5.953333333333333,6,0,NaN
06:30:36,L10009,427.63,3,"L10009_2,L10009_1,L10009_0",0.0,6,70.92333333333333,6.416666666666667,6,0,NaN
06:30:38,L10009,427.63,3,"L10009_2,L10009_1,L10009_0",0.0,6,70.85000000000001,6.303333333333334,6,0,NaN
06:30:40,L10009,427.63,3,"L10009_2,L10009_1,L10009_0",0.0,6,72.08999999999999,6.2299999999999995,6,0,NaN
06:30:42,L10009,427.63,3,"L10009_2,L10009_1,L10009_0",0.0,6,65.67999999999999,6.06,6,0,NaN
06:30:44,L10009,427.63,3,"L10009_2,L10009_1,L10009_0",0.0,6,66.28,5.760000000000001,6,0,NaN
06:30:46,L10009,427.63,3,"L10009_2,L10009_1,L10009_0",0.0,6,66.49000000000001,6.12,6,0,NaN
06:30:48,L10009,427.63,3,"L10009_2,L10009_1,L10009_0",0.0,6,74.25,6.276666666666666,6,0,NaN
06:30:50,L10009,427.63,3,"L10009_2,L10009_1,L10009_0",0.0,6,74.13666666666667,6.503333333333333,6,0,NaN
06:30:52,L10009,427.63,3,"L10009_2,L10009_1,L10009_0",0.0,6,74.96333333333334,6.816666666666667,6,0,NaN
06:30:54,L10009,427.63,3,"L10009_2,L10009_1,L10009_0",0.0,7,77.77333333333333,6.476666666666667,7,0,NaN
06:30:56,L10009,427.63,3,"L10009_2,L10009_1,L10009_0",0.0,6,73.86333333333333,6.539999999999999,6,0,NaN
06:30:58,L10009,427.63,3,"L10009_2,L10009_1,L10009_0",0.0,6,69.79,5.906666666666666,6,0,NaN
06:31:00,L10009,427.63,3,"L10009_2,L10009_1,L10009_0",0.0,6,73.72000000000001,6.34,6,0,NaN
06:31:02,L10009,427.63,3,"L10009_2,L10009_1,L10009_0",0.0,6,66.62666666666667,5.583333333333333,6,0,NaN
06:31:04,L10009,427.63,3,"L10009_2,L10009_1,L10009_0",0.0,6,66.11999999999999,6.123333333333334,6,0,NaN
06:31:06,L10009,427.63,3,"L10009_2,L10009_1,L10009_0",0.0,7,80.24,6.553333333333332,7,0,NaN
06:31:08,L10009,427.63,3,"L10009_2,L10009_1,L10009_0",0.0,7,74.57000000000001,6.613333333333334,7,0,NaN
06:31:10,L10009,427.63,3,"L10009_2,L10009_1,L10009_0",0.0,6,72.78666666666666,6.713333333333334,6,0,NaN
06:31:12,L10009,427.63,3,"L10009_2,L10009_1,L10009_0",0.0,6,75.54333333333334,6.289999999999999,6,0,NaN
06:31:14,L10009,427.63,3,"L10009_2,L10009_1,L10009_0",0.0,6,70.51,6.483333333333334,6,0,NaN
06:31:16,L10009,427.63,3,"L10009_2,L10009_1,L10009_0",0.0,7,82.45,6.843333333333334,7,0,NaN
06:31:18,L10009,427.63,3,"L10009_2,L10009_1,L10009_0",0.0,7,81.42666666666668,7.203333333333333,7,0,NaN
06:31:20,L10009,427.63,3,"L10009_2,L10009_1,L10009_0",0.0,7,85.90666666666668,7.45,7,0,NaN
06:31:22,L10009,427.63,3,"L10009_2,L10009_1,L10009_0",0.0,7,81.74666666666666,6.993333333333332,7,0,NaN
06:31:24,L10009,427.63,3,"L10009_2,L10009_1,L10009_0",0.0,7,79.3,6.786666666666666,7,0,NaN
06:31:26,L10009,427.63,3,"L10009_2,L10009_1,L10009_0",0.0,7,69.58999999999999,6.516666666666666,7,0,NaN
06:31:28,L10009,427.63,3,"L10009_2,L10009_1,L10009_0",0.0,7,65.88333333333334,6.3,7,0,NaN
06:31:30,L10009,427.63,3,"L10009_2,L10009_1,L10009_0",0.0,6,63.64666666666667,6.216666666666666,6,0,NaN
06:31:32,L10009,427.63,3,"L10009_2,L10009_1,L10009_0",0.0,6,63.49,5.7700000000000005,6,0,NaN
06:31:34,L10009,427.63,3,"L10009_2,L10009_1,L10009_0",0.0,6,69.37666666666668,6.166666666666667,6,0,NaN
06:31:36,L10009,427.63,3,"L10009_2,L10009_1,L10009_0",0.0,6,67.38666666666667,5.93,6,0,NaN
06:31:38,L10009,427.63,3,"L10009_2,L10009_1,L10009_0",0.0,6,69.7,6.176666666666667,6,0,NaN
06:31:40,L10009,427.63,3,"L10009_2,L10009_1,L10009_0",0.0,6,71.31333333333333,6.243333333333333,6,0,NaN
06:31:42,L10009,427.63,3,"L10009_2,L10009_1,L10009_0",0.0,6,71.01333333333334,6.12,6,0,NaN
06:31:44,L10009,427.63,3,"L10009_2,L10009_1,L10009_0",0.0,6,70.95666666666666,5.94,6,0,NaN
06:31:46,L10009,427.63,3,"L10009_2,L10009_1,L10009_0",0.0,6,70.87333333333333,5.94,6,0,NaN
06:31:48,L10009,427.63,3,"L10009_2,L10009_1,L10009_0",0.0,6,71.48666666666666,6.303333333333334,6,0,NaN
06:31:50,L10009,427.63,3,"L10009_2,L10009_1,L10009_0",0.0,6,74.96333333333332,6.303333333333334,6,0,NaN
06:31:52,L10009,427.63,3,"L10009_2,L10009_1,L10009_0",0.0,7,78.65333333333332,6.5200000000000005,7,0,NaN
06:31:54,L10009,427.63,3,"L10009_2,L10009_1,L10009_0",0.0,7,78.63333333333333,6.843333333333334,7,0,NaN
06:31:56,L10009,427.63,3,"L10009_2,L10009_1,L10009_0",0.0,7,85.83333333333333,6.966666666666666,7,0,NaN
06:31:58,L10009,427.63,3,"L10009_2,L10009_1,L10009_0",0.0,7,78.66,6.843333333333334,7,0,NaN
06:32:00,L10009,427.63,3,"L10009_2,L10009_1,L10009_0",0.0,7,78.54333333333334,6.586666666666666,7,0,NaN
06:32:02,L10009,427.63,3,"L10009_2,L10009_1,L10009_0",0.0,7,78.65999999999998,6.473333333333334,7,0,NaN
06:32:04,L10009,427.63,3,"L10009_2,L10009_1,L10009_0",0.0,7,78.87333333333333,6.663333333333333,7,0,NaN
06:32:06,L10009,427.63,3,"L10009_2,L10009_1,L10009_0",0.0,7,85.14666666666666,6.94,7,0,NaN
06:32:08,L10009,427.63,3,"L10009_2,L10009_1,L10009_0",0.0,7,76.85333333333334,6.966666666666666,7,0,NaN
06:32:10,L10009,427.63,3,"L10009_2,L10009_1,L10009_0",0.0,7,78.42333333333333,6.663333333333334,7,0,NaN
06:32:12,L10009,427.63,3,"L10009_2,L10009_1,L10009_0",0.0,7,78.68666666666668,6.883333333333333,7,0,NaN
06:32:14,L10009,427.63,3,"L10009_2,L10009_1,L10009_0",0.0,7,78.24333333333334,6.843333333333334,7,0,NaN
06:32:16,L10009,427.63,3,"L10009_2,L10009_1,L10009_0",0.0,7,78.54333333333334,6.843333333333334,7,0,NaN
06:32:18,L10009,427.63,3,"L10009_2,L10009_1,L10009_0",0.0,7,78.65333333333334,6.966666666666666,7,0,NaN
06:32:20,L10009,427.63,3,"L10009_2,L10009_1,L10009_0",0.0,7,78.52333333333333,6.716666666666666,7,0,NaN
06:32:22,L10009,427.63,3,"L10009_2,L10009_1,L10009_0",0.0,7,78.37333333333333,6.473333333333334,7,0,NaN
06:32:24,L10009,427.63,3,"L10009_2,L10009_1,L10009_0",0.0,6,70.96,5.94,6,0,NaN
06:32:26,L10009,427.63,3,"L10009_2,L10009_1,L10009_0",0.0,6,65.70666666666666,5.93,6,0,NaN
06:32:28,L10009,427.63,3,"L10009_2,L10009_1,L10009_0",0.0,6,66.18333333333334,5.516666666666667,6,0,NaN
06:32:30,L10009,427.63,3,"L10009_2,L10009_1,L10009_0",0.0,5,62.78666666666667,5.563333333333333,5,0,NaN
06:32:32,L10009,427.63,3,"L10009_2,L10009_1,L10009_0",0.0,5,63.17666666666667,5.223333333333334,5,0,NaN
06:32:34,L10009,427.63,3,"L10009_2,L10009_1,L10009_0",0.0,5,58.67666666666668,5.22,5,0,NaN
06:32:36,L10009,427.63,3,"L10009_2,L10009_1,L10009_0",0.0,5,58.33666666666667,5.22,5,0,NaN
06:32:38,L10009,427.63,3,"L10009_2,L10009_1,L10009_0",0.0,5,58.833333333333336,5.04,5,0,NaN
06:32:40,L10009,427.63,3,"L10009_2,L10009_1,L10009_0",0.0,5,59.36333333333334,4.86,5,0,NaN
06:32:42,L10009,427.63,3,"L10009_2,L10009_1,L10009_0",0.0,5,58.55333333333334,5.03,5,0,NaN
06:32:44,L10009,427.63,3,"L10009_2,L10009_1,L10009_0",0.0,5,59.56666666666666,5.22,5,0,NaN
06:32:46,L10009,427.63,3,"L10009_2,L10009_1,L10009_0",0.0,5,59.39666666666667,5.206666666666666,5,0,NaN
06:32:48,L10009,427.63,3,"L10009_2,L10009_1,L10009_0",0.0,5,59.25666666666666,5.163333333333333,5,0,NaN
06:32:50,L10009,427.63,3,"L10009_2,L10009_1,L10009_0",0.0,5,61.78000000000001,5.116666666666667,5,0,NaN
06:32:52,L10009,427.63,3,"L10009_2,L10009_1,L10009_0",0.0,5,62.20000000000001,5.133333333333334,5,0,NaN
06:32:54,L10009,427.63,3,"L10009_2,L10009_1,L10009_0",0.0,5,58.02666666666667,5.183333333333334,5,0,NaN
06:32:56,L10009,427.63,3,"L10009_2,L10009_1,L10009_0",0.0,5,59.169999999999995,5.403333333333333,5,0,NaN
06:32:58,L10009,427.63,3,"L10009_2,L10009_1,L10009_0",0.0,5,62.86333333333334,5.223333333333334,5,0,NaN
06:33:00,L10009,427.63,3,"L10009_2,L10009_1,L10009_0",0.0,5,62.75666666666666,5.583333333333333,5,0,NaN
06:33:02,L10009,427.63,3,"L10009_2,L10009_1,L10009_0",0.0,6,67.16333333333333,5.56,6,0,NaN
06:33:04,L10009,427.63,3,"L10009_2,L10009_1,L10009_0",0.0,6,66.24666666666667,5.763333333333333,6,0,NaN
06:33:06,L10009,427.63,3,"L10009_2,L10009_1,L10009_0",0.0,6,67.37666666666667,5.763333333333333,6,0,NaN
06:33:08,L10009,427.63,3,"L10009_2,L10009_1,L10009_0",0.0,6,66.31333333333335,5.763333333333333,6,0,NaN
06:33:10,L10009,427.63,3,"L10009_2,L10009_1,L10009_0",0.0,6,70.4,5.943333333333334,6,0,NaN
06:33:12,L10009,427.63,3,"L10009_2,L10009_1,L10009_0",0.0,6,69.42,6.123333333333334,6,0,NaN
06:33:14,L10009,427.63,3,"L10009_2,L10009_1,L10009_0",0.0,6,74.61666666666666,6.596666666666667,6,0,NaN
06:33:16,L10009,427.63,3,"L10009_2,L10009_1,L10009_0",0.0,6,74.60333333333334,6.503333333333334,6,0,NaN
06:33:18,L10009,427.63,3,"L10009_2,L10009_1,L10009_0",0.0,7,76.73666666666666,6.286666666666666,7,0,NaN
06:33:20,L10009,427.63,3,"L10009_2,L10009_1,L10009_0",0.0,6,68.73333333333333,6.013333333333333,6,0,NaN
06:33:22,L10009,427.63,3,"L10009_2,L10009_1,L10009_0",0.0,6,69.66000000000001,5.873333333333334,6,0,NaN
06:33:24,L10009,427.63,3,"L10009_2,L10009_1,L10009_0",0.0,6,63.85333333333333,5.9433333333333325,6,0,NaN
06:33:26,L10009,427.63,3,"L10009_2,L10009_1,L10009_0",0.0,6,64.48333333333333,6.123333333333334,6,0,NaN
06:33:28,L10009,427.63,3,"L10009_2,L10009_1,L10009_0",0.0,6,68.12666666666667,5.8066666666666675,6,0,NaN
06:33:30,L10009,427.63,3,"L10009_2,L10009_1,L10009_0",0.0,7,78.95,6.493333333333333,7,0,NaN
06:33:32,L10009,427.63,3,"L10009_2,L10009_1,L10009_0",0.0,7,74.19,6.513333333333333,7,0,NaN
06:33:34,L10009,427.63,3,"L10009_2,L10009_1,L10009_0",0.0,7,74.64,6.57,7,0,NaN
06:33:36,L10009,427.63,3,"L10009_2,L10009_1,L10009_0",0.0,6,72.63000000000001,6.436666666666667,6,0,NaN
06:33:38,L10009,427.63,3,"L10009_2,L10009_1,L10009_0",0.0,6,73.08,6.176666666666667,6,0,NaN
06:33:40,L10009,427.63,3,"L10009_2,L10009_1,L10009_0",0.0,6,69.42,6.206666666666666,6,0,NaN
06:33:42,L10009,427.63,3,"L10009_2,L10009_1,L10009_0",0.0,6,67.38,6.126666666666668,6,0,NaN
06:33:44,L10009,427.63,3,"L10009_2,L10009_1,L10009_0",0.0,7,67.98333333333333,6.483333333333333,7,0,NaN
06:33:46,L10009,427.63,3,"L10009_2,L10009_1,L10009_0",0.0,6,61.38666666666666,6.276666666666666,6,0,NaN
06:33:48,L10009,427.63,3,"L10009_2,L10009_1,L10009_0",0.0,6,60.793333333333344,6.03,6,0,NaN
06:33:50,L10009,427.63,3,"L10009_2,L10009_1,L10009_0",0.0,6,59.19,5.986666666666667,6,0,NaN
06:33:52,L10009,427.63,3,"L10009_2,L10009_1,L10009_0",1.54,6,59.89333333333334,5.94,6,0,NaN
06:33:54,L10009,427.63,3,"L10009_2,L10009_1,L10009_0",0.0,6,58.06333333333333,6.093333333333334,6,0,NaN
06:33:56,L10009,427.63,3,"L10009_2,L10009_1,L10009_0",1.54,6,58.71333333333333,6.296666666666667,6,0,NaN
06:33:58,L10009,427.63,3,"L10009_2,L10009_1,L10009_0",0.77,6,62.12,6.073333333333333,6,0,NaN
06:34:00,L10009,427.63,3,"L10009_2,L10009_1,L10009_0",0.0,6,61.54666666666666,5.9799999999999995,6,0,NaN
06:34:02,L10009,427.63,3,"L10009_2,L10009_1,L10009_0",0.6866666666666666,7,66.53999999999999,6.28,7,0,NaN
06:34:04,L10009,427.63,3,"L10009_2,L10009_1,L10009_0",0.0,7,67.22,6.103333333333334,7,0,NaN
06:34:06,L10009,427.63,3,"L10009_2,L10009_1,L10009_0",1.3333333333333333,6,62.21333333333334,6.253333333333333,6,0,NaN
06:34:08,L10009,427.63,3,"L10009_2,L10009_1,L10009_0",0.77,7,65.80666666666666,6.236666666666667,7,0,NaN
06:34:10,L10009,427.63,3,"L10009_2,L10009_1,L10009_0",0.6966666666666667,7,67.28666666666666,6.736666666666667,7,0,NaN
06:34:12,L10009,427.63,3,"L10009_2,L10009_1,L10009_0",1.54,7,70.18333333333334,7.203333333333333,7,0,NaN
06:34:14,L10009,427.63,3,"L10009_2,L10009_1,L10009_0",0.6533333333333333,7,72.41333333333334,7.3066666666666675,7,0,NaN
06:34:16,L10009,427.63,3,"L10009_2,L10009_1,L10009_0",0.77,7,75.34666666666665,7.289999999999999,7,0,NaN
06:34:18,L10009,427.63,3,"L10009_2,L10009_1,L10009_0",0.0,7,74.85666666666667,7.256666666666667,7,0,NaN
06:34:20,L10009,427.63,3,"L10009_2,L10009_1,L10009_0",0.0,8,79.68333333333332,7.210000000000001,8,0,NaN
06:34:22,L10009,427.63,3,"L10009_2,L10009_1,L10009_0",0.77,7,75.96999999999998,6.973333333333334,7,0,NaN
06:34:24,L10009,427.63,3,"L10009_2,L10009_1,L10009_0",0.0,7,78.56,7.216666666666668,7,0,NaN
06:34:26,L10009,427.63,3,"L10009_2,L10009_1,L10009_0",0.0,7,80.41666666666667,7.383333333333333,7,0,NaN
06:34:28,L10009,427.63,3,"L10009_2,L10009_1,L10009_0",0.0,7,85.82,7.563333333333333,7,0,NaN
06:34:30,L10009,427.63,3,"L10009_2,L10009_1,L10009_0",0.0,8,90.53000000000002,7.743333333333333,8,0,NaN
06:34:32,L10009,427.63,3,"L10009_2,L10009_1,L10009_0",0.0,8,89.65333333333335,7.923333333333333,8,0,NaN
06:34:34,L10009,427.63,3,"L10009_2,L10009_1,L10009_0",0.0,8,89.60000000000001,8.076666666666666,8,0,NaN
06:34:36,L10009,427.63,3,"L10009_2,L10009_1,L10009_0",0.0,8,97.7,8.463333333333333,8,0,NaN
06:34:38,L10009,427.63,3,"L10009_2,L10009_1,L10009_0",0.0,8,90.68333333333334,8.103333333333333,8,0,NaN
06:34:40,L10009,427.63,3,"L10009_2,L10009_1,L10009_0",0.0,8,89.33999999999999,7.923333333333335,8,0,NaN
06:34:42,L10009,427.63,3,"L10009_2,L10009_1,L10009_0",0.0,8,90.07333333333332,7.836666666666667,8,0,NaN
06:34:44,L10009,427.63,3,"L10009_2,L10009_1,L10009_0",0.0,8,93.30666666666667,8.283333333333333,8,0,NaN
06:34:46,L10009,427.63,3,"L10009_2,L10009_1,L10009_0",0.0,8,94.52,7.843333333333334,8,0,NaN
06:34:48,L10009,427.63,3,"L10009_2,L10009_1,L10009_0",0.0,8,97.7,8.156666666666666,8,0,NaN
06:34:50,L10009,427.63,3,"L10009_2,L10009_1,L10009_0",0.0,8,98.03666666666665,8.213333333333333,8,0,NaN
06:34:52,L10009,427.63,3,"L10009_2,L10009_1,L10009_0",0.0,8,93.99333333333334,8.56,8,0,NaN
06:34:54,L10009,427.63,3,"L10009_2,L10009_1,L10009_0",0.0,8,95.09333333333335,8.246666666666666,8,0,NaN
06:34:56,L10009,427.63,3,"L10009_2,L10009_1,L10009_0",0.0,8,87.38666666666667,8.103333333333333,8,0,NaN
06:34:58,L10009,427.63,3,"L10009_2,L10009_1,L10009_0",0.0,8,83.34333333333335,7.663333333333333,8,0,NaN
06:35:00,L10009,427.63,3,"L10009_2,L10009_1,L10009_0",0.0,7,76.08,7.586666666666666,7,0,NaN
06:35:02,L10009,427.63,3,"L10009_2,L10009_1,L10009_0",0.5466666666666666,8,80.15666666666668,7.666666666666667,8,0,NaN
06:35:04,L10009,427.63,3,"L10009_2,L10009_1,L10009_0",0.0,7,80.2,7.3500000000000005,7,0,NaN
06:35:06,L10009,427.63,3,"L10009_2,L10009_1,L10009_0",0.0,7,74.46,6.996666666666666,7,0,NaN
06:35:08,L10009,427.63,3,"L10009_2,L10009_1,L10009_0",0.0,7,80.91333333333333,6.706666666666667,7,0,NaN
06:35:10,L10009,427.63,3,"L10009_2,L10009_1,L10009_0",0.0,7,85.00666666666667,7.2633333333333345,7,0,NaN
06:35:12,L10009,427.63,3,"L10009_2,L10009_1,L10009_0",0.0,7,81.14999999999999,6.546666666666667,7,0,NaN
06:35:14,L10009,427.63,3,"L10009_2,L10009_1,L10009_0",0.0,6,74.79666666666667,6.603333333333333,6,0,NaN
06:35:16,L10009,427.63,3,"L10009_2,L10009_1,L10009_0",0.0,7,82.39,6.72,7,0,NaN
06:35:18,L10009,427.63,3,"L10009_2,L10009_1,L10009_0",0.0,7,79.06666666666666,7.016666666666667,7,0,NaN
06:35:20,L10009,427.63,3,"L10009_2,L10009_1,L10009_0",0.0,7,78.33333333333333,7.023333333333333,7,0,NaN
06:35:22,L10009,427.63,3,"L10009_2,L10009_1,L10009_0",0.0,7,78.13333333333334,6.913333333333333,7,0,NaN
06:35:24,L10009,427.63,3,"L10009_2,L10009_1,L10009_0",0.0,7,78.46666666666665,6.886666666666667,7,0,NaN
06:35:26,L10009,427.63,3,"L10009_2,L10009_1,L10009_0",0.0,6,74.73333333333333,6.843333333333334,6,0,NaN
06:35:28,L10009,427.63,3,"L10009_2,L10009_1,L10009_0",0.0,7,78.53333333333333,6.843333333333334,7,0,NaN
06:35:30,L10009,427.63,3,"L10009_2,L10009_1,L10009_0",0.0,7,79.2,7.02,7,0,NaN
06:35:32,L10009,427.63,3,"L10009_2,L10009_1,L10009_0",0.0,7,77.53333333333335,6.926666666666667,7,0,NaN
06:35:34,L10009,427.63,3,"L10009_2,L10009_1,L10009_0",0.0,6,66.43666666666667,6.496666666666666,6,0,NaN
06:35:36,L10009,427.63,3,"L10009_2,L10009_1,L10009_0",0.0,6,67.00666666666667,6.63,6,0,NaN
06:35:38,L10009,427.63,3,"L10009_2,L10009_1,L10009_0",0.0,6,70.42666666666666,6.203333333333333,6,0,NaN
06:35:40,L10009,427.63,3,"L10009_2,L10009_1,L10009_0",0.0,6,70.96333333333332,6.086666666666666,6,0,NaN
06:35:42,L10009,427.63,3,"L10009_2,L10009_1,L10009_0",0.0,6,70.58666666666666,6.053333333333332,6,0,NaN
06:35:44,L10009,427.63,3,"L10009_2,L10009_1,L10009_0",0.0,6,75.13666666666667,6.303333333333332,6,0,NaN
06:35:46,L10009,427.63,3,"L10009_2,L10009_1,L10009_0",0.0,7,82.23666666666666,6.69,7,0,NaN
06:35:48,L10009,427.63,3,"L10009_2,L10009_1,L10009_0",0.0,7,77.23666666666666,6.843333333333334,7,0,NaN
06:35:50,L10009,427.63,3,"L10009_2,L10009_1,L10009_0",0.0,8,90.28666666666668,7.48,8,0,NaN
06:35:52,L10009,427.63,3,"L10009_2,L10009_1,L10009_0",0.0,8,91.78666666666668,8.106666666666667,8,0,NaN
06:35:54,L10009,427.63,3,"L10009_2,L10009_1,L10009_0",0.0,8,90.94666666666666,8.233333333333333,8,0,NaN
06:35:56,L10009,427.63,3,"L10009_2,L10009_1,L10009_0",0.0,8,95.69,8.540000000000001,8,0,NaN
06:35:58,L10009,427.63,3,"L10009_2,L10009_1,L10009_0",0.0,9,98.79333333333334,8.823333333333332,9,0,NaN
06:36:00,L10009,427.63,3,"L10009_2,L10009_1,L10009_0",0.0,9,99.81333333333333,8.943333333333333,9,0,NaN
06:36:02,L10009,427.63,3,"L10009_2,L10009_1,L10009_0",0.0,8,95.75333333333333,9.003333333333332,8,0,NaN
06:36:04,L10009,427.63,3,"L10009_2,L10009_1,L10009_0",0.0,9,99.53000000000002,9.126666666666667,9,0,NaN
06:36:06,L10009,427.63,3,"L10009_2,L10009_1,L10009_0",0.0,9,100.70333333333333,8.836666666666666,9,0,NaN
06:36:08,L10009,427.63,3,"L10009_2,L10009_1,L10009_0",0.0,9,102.28333333333335,9.236666666666666,9,0,NaN
06:36:10,L10009,427.63,3,"L10009_2,L10009_1,L10009_0",0.0,9,100.62666666666667,9.183333333333334,9,0,NaN
06:36:12,L10009,427.63,3,"L10009_2,L10009_1,L10009_0",0.0,9,108.90666666666668,9.12,9,0,NaN
06:36:14,L10009,427.63,3,"L10009_2,L10009_1,L10009_0",0.0,9,109.50666666666666,9.31,9,0,NaN
06:36:16,L10009,427.63,3,"L10009_2,L10009_1,L10009_0",0.0,9,101.09999999999998,9.136666666666668,9,0,NaN
06:36:18,L10009,427.63,3,"L10009_2,L10009_1,L10009_0",0.0,9,97.61333333333333,9.056666666666667,9,0,NaN
06:36:20,L10009,427.63,3,"L10009_2,L10009_1,L10009_0",0.0,9,93.81666666666666,8.950000000000001,9,0,NaN
06:36:22,L10009,427.63,3,"L10009_2,L10009_1,L10009_0",0.0,9,93.01333333333332,8.796666666666667,9,0,NaN
06:36:24,L10009,427.63,3,"L10009_2,L10009_1,L10009_0",0.0,8,85.02333333333334,8.463333333333333,8,0,NaN
06:36:26,L10009,427.63,3,"L10009_2,L10009_1,L10009_0",0.0,8,89.74666666666667,7.696666666666666,8,0,NaN
06:36:28,L10009,427.63,3,"L10009_2,L10009_1,L10009_0",0.0,8,87.43,6.94,8,0,NaN
06:36:30,L10009,427.63,3,"L10009_2,L10009_1,L10009_0",0.0,7,76.13666666666667,6.613333333333332,7,0,NaN
06:36:32,L10009,427.63,3,"L10009_2,L10009_1,L10009_0",0.0,6,65.46333333333334,6.11,6,0,NaN
06:36:34,L10009,427.63,3,"L10009_2,L10009_1,L10009_0",0.0,6,67.67999999999999,5.87,6,0,NaN
06:36:36,L10009,427.63,3,"L10009_2,L10009_1,L10009_0",0.0,6,64.21666666666667,6.12,6,0,NaN
06:36:38,L10009,427.63,3,"L10009_2,L10009_1,L10009_0",0.0,6,69.41333333333334,5.826666666666667,6,0,NaN
06:36:40,L10009,427.63,3,"L10009_2,L10009_1,L10009_0",0.0,6,69.74666666666667,5.91,6,0,NaN
06:36:42,L10009,427.63,3,"L10009_2,L10009_1,L10009_0",0.0,6,64.5,5.760000000000001,6,0,NaN
06:36:44,L10009,427.63,3,"L10009_2,L10009_1,L10009_0",0.0,5,62.45333333333334,5.580000000000001,5,0,NaN
06:36:46,L10009,427.63,3,"L10009_2,L10009_1,L10009_0",0.0,6,65.44333333333334,5.586666666666667,6,0,NaN
06:36:48,L10009,427.63,3,"L10009_2,L10009_1,L10009_0",0.0,5,62.31999999999999,5.346666666666667,5,0,NaN
06:36:50,L10009,427.63,3,"L10009_2,L10009_1,L10009_0",0.0,5,62.82333333333333,5.19,5,0,NaN
06:36:52,L10009,427.63,3,"L10009_2,L10009_1,L10009_0",0.0,5,59.44,5.01,5,0,NaN
06:36:54,L10009,427.63,3,"L10009_2,L10009_1,L10009_0",0.0,5,59.43000000000001,4.8066666666666675,5,0,NaN
06:36:56,L10009,427.63,3,"L10009_2,L10009_1,L10009_0",0.0,4,50.21,4.5,4,0,NaN
06:36:58,L10009,427.63,3,"L10009_2,L10009_1,L10009_0",0.0,5,54.57333333333333,4.79,5,0,NaN
06:37:00,L10009,427.63,3,"L10009_2,L10009_1,L10009_0",0.0,6,66.66666666666667,5.576666666666667,6,0,NaN
06:37:02,L10009,427.63,3,"L10009_2,L10009_1,L10009_0",0.0,6,66.3,5.903333333333333,6,0,NaN
06:37:04,L10009,427.63,3,"L10009_2,L10009_1,L10009_0",0.0,6,71.74333333333333,5.966666666666666,6,0,NaN
06:37:06,L10009,427.63,3,"L10009_2,L10009_1,L10009_0",0.0,6,67.55333333333333,6.390000000000001,6,0,NaN
06:37:08,L10009,427.63,3,"L10009_2,L10009_1,L10009_0",0.0,6,69.62333333333333,5.8999999999999995,6,0,NaN
06:37:10,L10009,427.63,3,"L10009_2,L10009_1,L10009_0",0.0,6,64.38666666666667,5.6000000000000005,6,0,NaN
06:37:12,L10009,427.63,3,"L10009_2,L10009_1,L10009_0",0.0,5,59.339999999999996,5.3,5,0,NaN
06:37:14,L10009,427.63,3,"L10009_2,L10009_1,L10009_0",0.0,5,60.853333333333325,5.0566666666666675,5,0,NaN
06:37:16,L10009,427.63,3,"L10009_2,L10009_1,L10009_0",0.0,5,56.44333333333333,5.3999999999999995,5,0,NaN
06:37:18,L10009,427.63,3,"L10009_2,L10009_1,L10009_0",0.0,5,61.76666666666667,5.276666666666666,5,0,NaN
06:37:20,L10009,427.63,3,"L10009_2,L10009_1,L10009_0",0.0,5,56.973333333333336,5.3999999999999995,5,0,NaN
06:37:22,L10009,427.63,3,"L10009_2,L10009_1,L10009_0",0.0,5,62.35333333333333,5.3999999999999995,5,0,NaN
06:37:24,L10009,427.63,3,"L10009_2,L10009_1,L10009_0",0.0,5,61.373333333333335,5.583333333333333,5,0,NaN
06:37:26,L10009,427.63,3,"L10009_2,L10009_1,L10009_0",0.0,6,64.99333333333334,5.676666666666667,6,0,NaN
06:37:28,L10009,427.63,3,"L10009_2,L10009_1,L10009_0",0.0,6,63.96,5.716666666666666,6,0,NaN
06:37:30,L10009,427.63,3,"L10009_2,L10009_1,L10009_0",0.0,6,66.26,5.6866666666666665,6,0,NaN
06:37:32,L10009,427.63,3,"L10009_2,L10009_1,L10009_0",0.0,6,60.53666666666667,5.996666666666667,6,0,NaN
06:37:34,L10009,427.63,3,"L10009_2,L10009_1,L10009_0",0.0,6,67.64,5.596666666666667,6,0,NaN
06:37:36,L10009,427.63,3,"L10009_2,L10009_1,L10009_0",0.0,6,65.77333333333333,5.97,6,0,NaN
06:37:38,L10009,427.63,3,"L10009_2,L10009_1,L10009_0",0.0,7,72.87333333333333,6.1433333333333335,7,0,NaN
06:37:40,L10009,427.63,3,"L10009_2,L10009_1,L10009_0",0.0,6,64.18666666666667,6.12,6,0,NaN
06:37:42,L10009,427.63,3,"L10009_2,L10009_1,L10009_0",0.0,6,67.21333333333332,6.2299999999999995,6,0,NaN
06:37:44,L10009,427.63,3,"L10009_2,L10009_1,L10009_0",0.0,6,69.14,6.303333333333334,6,0,NaN
06:37:46,L10009,427.63,3,"L10009_2,L10009_1,L10009_0",0.0,7,76.2,6.303333333333334,7,0,NaN
06:37:48,L10009,427.63,3,"L10009_2,L10009_1,L10009_0",0.0,7,77.56333333333333,6.82,7,0,NaN
06:37:50,L10009,427.63,3,"L10009_2,L10009_1,L10009_0",0.0,7,77.96,6.496666666666666,7,0,NaN
06:37:52,L10009,427.63,3,"L10009_2,L10009_1,L10009_0",0.0,7,82.02,7.053333333333334,7,0,NaN
06:37:54,L10009,427.63,3,"L10009_2,L10009_1,L10009_0",0.0,7,81.04,7.19,7,0,NaN
06:37:56,L10009,427.63,3,"L10009_2,L10009_1,L10009_0",0.0,7,81.93,7.37,7,0,NaN
06:37:58,L10009,427.63,3,"L10009_2,L10009_1,L10009_0",0.0,7,86.00333333333333,7.280000000000001,7,0,NaN
06:38:00,L10009,427.63,3,"L10009_2,L10009_1,L10009_0",0.0,7,86.69333333333333,7.599999999999999,7,0,NaN
06:38:02,L10009,427.63,3,"L10009_2,L10009_1,L10009_0",0.0,8,89.81666666666668,7.323333333333333,8,0,NaN
06:38:04,L10009,427.63,3,"L10009_2,L10009_1,L10009_0",0.0,7,86.11333333333333,7.383333333333333,7,0,NaN
06:38:06,L10009,427.63,3,"L10009_2,L10009_1,L10009_0",0.0,8,94.05333333333333,7.7,8,0,NaN
06:38:08,L10009,427.63,3,"L10009_2,L10009_1,L10009_0",0.0,7,86.02,7.743333333333333,7,0,NaN
06:38:10,L10009,427.63,3,"L10009_2,L10009_1,L10009_0",0.0,8,94.12,8.416666666666666,8,0,NaN
06:38:12,L10009,427.63,3,"L10009_2,L10009_1,L10009_0",0.0,8,92.08,7.95,8,0,NaN
06:38:14,L10009,427.63,3,"L10009_2,L10009_1,L10009_0",0.0,8,89.88333333333334,7.580000000000001,8,0,NaN
06:38:16,L10009,427.63,3,"L10009_2,L10009_1,L10009_0",0.0,7,82.03000000000002,7.516666666666666,7,0,NaN
06:38:18,L10009,427.63,3,"L10009_2,L10009_1,L10009_0",0.0,7,81.52,7.203333333333333,7,0,NaN
06:38:20,L10009,427.63,3,"L10009_2,L10009_1,L10009_0",0.0,7,81.64999999999999,6.526666666666666,7,0,NaN
06:38:22,L10009,427.63,3,"L10009_2,L10009_1,L10009_0",0.0,7,78.11333333333333,6.04,7,0,NaN
06:38:24,L10009,427.63,3,"L10009_2,L10009_1,L10009_0",0.0,6,70.33333333333333,5.956666666666667,6,0,NaN
06:38:26,L10009,427.63,3,"L10009_2,L10009_1,L10009_0",0.0,7,82.61333333333333,6.333333333333333,7,0,NaN
06:38:28,L10009,427.63,3,"L10009_2,L10009_1,L10009_0",0.0,7,78.04,6.739999999999999,7,0,NaN
06:38:30,L10009,427.63,3,"L10009_2,L10009_1,L10009_0",0.0,6,73.92333333333333,6.663333333333334,6,0,NaN
06:38:32,L10009,427.63,3,"L10009_2,L10009_1,L10009_0",0.0,6,74.25999999999999,6.66,6,0,NaN
06:38:34,L10009,427.63,3,"L10009_2,L10009_1,L10009_0",0.0,7,78.83333333333333,7.0200000000000005,7,0,NaN
06:38:36,L10009,427.63,3,"L10009_2,L10009_1,L10009_0",0.0,8,89.70666666666666,7.383333333333333,8,0,NaN
06:38:38,L10009,427.63,3,"L10009_2,L10009_1,L10009_0",0.0,7,86.18666666666667,7.476666666666667,7,0,NaN
06:38:40,L10009,427.63,3,"L10009_2,L10009_1,L10009_0",0.0,8,89.85333333333334,7.686666666666667,8,0,NaN
06:38:42,L10009,427.63,3,"L10009_2,L10009_1,L10009_0",0.0,8,97.3,7.913333333333333,8,0,NaN
06:38:44,L10009,427.63,3,"L10009_2,L10009_1,L10009_0",0.0,9,105.40666666666668,8.346666666666666,9,0,NaN
06:38:46,L10009,427.63,3,"L10009_2,L10009_1,L10009_0",0.0,8,94.56,8.7,8,0,NaN
06:38:48,L10009,427.63,3,"L10009_2,L10009_1,L10009_0",0.0,8,91.73,8.446666666666667,8,0,NaN
06:38:50,L10009,427.63,3,"L10009_2,L10009_1,L10009_0",0.0,8,89.28000000000002,8.1,8,0,NaN
06:38:52,L10009,427.63,3,"L10009_2,L10009_1,L10009_0",0.0,8,87.98,7.956666666666666,8,0,NaN
06:38:54,L10009,427.63,3,"L10009_2,L10009_1,L10009_0",0.0,8,89.96,8.103333333333333,8,0,NaN
06:38:56,L10009,427.63,3,"L10009_2,L10009_1,L10009_0",0.0,8,85.22666666666667,8.443333333333333,8,0,NaN
06:38:58,L10009,427.63,3,"L10009_2,L10009_1,L10009_0",0.0,9,87.30333333333333,8.51,9,0,NaN
06:39:00,L10009,427.63,3,"L10009_2,L10009_1,L10009_0",0.0,8,86.07333333333334,8.173333333333332,8,0,NaN
06:39:02,L10009,427.63,3,"L10009_2,L10009_1,L10009_0",0.0,8,83.37666666666668,8.049999999999999,8,0,NaN
06:39:04,L10009,427.63,3,"L10009_2,L10009_1,L10009_0",0.0,8,79.05333333333333,7.803333333333332,8,0,NaN
06:39:06,L10009,427.63,3,"L10009_2,L10009_1,L10009_0",0.77,9,94.74666666666667,8.466666666666667,9,0,NaN
06:39:08,L10009,427.63,3,"L10009_2,L10009_1,L10009_0",0.0,9,91.84000000000002,8.796666666666667,9,0,NaN
06:39:10,L10009,427.63,3,"L10009_2,L10009_1,L10009_0",0.77,9,93.11666666666667,9.53,9,0,NaN
06:39:12,L10009,427.63,3,"L10009_2,L10009_1,L10009_0",1.4400000000000002,10,104.92333333333333,10.343333333333334,10,0,NaN
06:39:14,L10009,427.63,3,"L10009_2,L10009_1,L10009_0",0.0,9,98.14666666666666,9.723333333333334,9,0,NaN
06:39:16,L10009,427.63,3,"L10009_2,L10009_1,L10009_0",0.0,10,103.93666666666667,9.163333333333334,10,0,NaN
06:39:18,L10009,427.63,3,"L10009_2,L10009_1,L10009_0",0.0,9,97.31333333333335,8.91,9,0,NaN
06:39:20,L10009,427.63,3,"L10009_2,L10009_1,L10009_0",0.0,8,86.39666666666666,8.693333333333333,8,0,NaN
06:39:22,L10009,427.63,3,"L10009_2,L10009_1,L10009_0",0.0,8,84.60666666666667,8.22,8,0,NaN
06:39:24,L10009,427.63,3,"L10009_2,L10009_1,L10009_0",0.0,8,86.58999999999999,8.42,8,0,NaN
06:39:26,L10009,427.63,3,"L10009_2,L10009_1,L10009_0",0.77,9,93.25,9.033333333333333,9,0,NaN
06:39:28,L10009,427.63,3,"L10009_2,L10009_1,L10009_0",0.6833333333333332,10,103.67999999999999,9.270000000000001,10,0,NaN
06:39:30,L10009,427.63,3,"L10009_2,L10009_1,L10009_0",0.0,9,102.35000000000001,8.933333333333334,9,0,NaN
06:39:32,L10009,427.63,3,"L10009_2,L10009_1,L10009_0",0.0,8,90.94666666666666,8.643333333333333,8,0,NaN
06:39:34,L10009,427.63,3,"L10009_2,L10009_1,L10009_0",0.0,8,94.83999999999999,8.486666666666666,8,0,NaN
06:39:36,L10009,427.63,3,"L10009_2,L10009_1,L10009_0",0.0,9,103.13000000000001,8.203333333333333,9,0,NaN
06:39:38,L10009,427.63,3,"L10009_2,L10009_1,L10009_0",0.0,8,88.34000000000002,7.846666666666667,8,0,NaN
06:39:40,L10009,427.63,3,"L10009_2,L10009_1,L10009_0",0.0,8,82.25333333333333,7.82,8,0,NaN
06:39:42,L10009,427.63,3,"L10009_2,L10009_1,L10009_0",0.0,7,75.59333333333335,7.396666666666666,7,0,NaN
06:39:44,L10009,427.63,3,"L10009_2,L10009_1,L10009_0",0.77,7,71.43333333333332,6.733333333333334,7,0,NaN
06:39:46,L10009,427.63,3,"L10009_2,L10009_1,L10009_0",0.0,7,65.23333333333333,6.843333333333334,7,0,NaN
06:39:48,L10009,427.63,3,"L10009_2,L10009_1,L10009_0",0.0,6,66.25333333333332,6.3,6,0,NaN
06:39:50,L10009,427.63,3,"L10009_2,L10009_1,L10009_0",0.0,6,63.943333333333335,6.063333333333333,6,0,NaN
06:39:52,L10009,427.63,3,"L10009_2,L10009_1,L10009_0",0.0,6,63.07999999999999,6.156666666666666,6,0,NaN
06:39:54,L10009,427.63,3,"L10009_2,L10009_1,L10009_0",0.0,6,62.836666666666666,6.239999999999999,6,0,NaN
06:39:56,L10009,427.63,3,"L10009_2,L10009_1,L10009_0",0.0,7,73.25,6.376666666666668,7,0,NaN
06:39:58,L10009,427.63,3,"L10009_2,L10009_1,L10009_0",0.0,6,70.85666666666667,6.123333333333334,6,0,NaN
06:40:00,L10009,427.63,3,"L10009_2,L10009_1,L10009_0",0.0,6,68.61999999999999,6.226666666666667,6,0,NaN
06:40:02,L10009,427.63,3,"L10009_2,L10009_1,L10009_0",0.0,6,69.96666666666667,5.926666666666667,6,0,NaN
06:40:04,L10009,427.63,3,"L10009_2,L10009_1,L10009_0",0.0,6,65.22,5.516666666666667,6,0,NaN
06:40:06,L10009,427.63,3,"L10009_2,L10009_1,L10009_0",0.0,5,62.093333333333334,5.3999999999999995,5,0,NaN
06:40:08,L10009,427.63,3,"L10009_2,L10009_1,L10009_0",0.0,5,62.26,5.583333333333333,5,0,NaN
06:40:10,L10009,427.63,3,"L10009_2,L10009_1,L10009_0",0.0,6,66.6,5.583333333333333,6,0,NaN
06:40:12,L10009,427.63,3,"L10009_2,L10009_1,L10009_0",0.0,6,66.79666666666667,5.6433333333333335,6,0,NaN
06:40:14,L10009,427.63,3,"L10009_2,L10009_1,L10009_0",0.0,6,65.83,5.72,6,0,NaN
06:40:16,L10009,427.63,3,"L10009_2,L10009_1,L10009_0",0.0,6,70.52,5.646666666666667,6,0,NaN
06:40:18,L10009,427.63,3,"L10009_2,L10009_1,L10009_0",0.0,6,70.95,6.123333333333334,6,0,NaN
06:40:20,L10009,427.63,3,"L10009_2,L10009_1,L10009_0",0.0,6,74.23,6.276666666666666,6,0,NaN
06:40:22,L10009,427.63,3,"L10009_2,L10009_1,L10009_0",0.0,6,74.07000000000001,6.333333333333333,6,0,NaN
06:40:24,L10009,427.63,3,"L10009_2,L10009_1,L10009_0",0.0,6,74.32000000000001,6.3,6,0,NaN
06:40:26,L10009,427.63,3,"L10009_2,L10009_1,L10009_0",0.0,7,78.93333333333334,6.803333333333334,7,0,NaN
06:40:28,L10009,427.63,3,"L10009_2,L10009_1,L10009_0",0.0,7,78.58666666666666,6.483333333333333,7,0,NaN
06:40:30,L10009,427.63,3,"L10009_2,L10009_1,L10009_0",0.0,7,82.12,6.753333333333334,7,0,NaN
06:40:32,L10009,427.63,3,"L10009_2,L10009_1,L10009_0",0.0,7,78.99333333333333,6.763333333333333,7,0,NaN
06:40:34,L10009,427.63,3,"L10009_2,L10009_1,L10009_0",0.0,7,82.39,7.123333333333334,7,0,NaN
06:40:36,L10009,427.63,3,"L10009_2,L10009_1,L10009_0",0.0,7,85.76666666666667,7.126666666666666,7,0,NaN
06:40:38,L10009,427.63,3,"L10009_2,L10009_1,L10009_0",0.0,7,82.7,7.28,7,0,NaN
06:40:40,L10009,427.63,3,"L10009_2,L10009_1,L10009_0",0.0,7,82.82,7.563333333333333,7,0,NaN
06:40:42,L10009,427.63,3,"L10009_2,L10009_1,L10009_0",0.0,7,83.60000000000001,7.203333333333333,7,0,NaN
06:40:44,L10009,427.63,3,"L10009_2,L10009_1,L10009_0",0.0,7,82.20333333333333,7.383333333333333,7,0,NaN
06:40:46,L10009,427.63,3,"L10009_2,L10009_1,L10009_0",0.0,7,78.36666666666666,7.023333333333333,7,0,NaN
06:40:48,L10009,427.63,3,"L10009_2,L10009_1,L10009_0",0.0,7,77.82666666666667,6.663333333333334,7,0,NaN
06:40:50,L10009,427.63,3,"L10009_2,L10009_1,L10009_0",0.0,6,75.34666666666668,6.663333333333334,6,0,NaN
06:40:52,L10009,427.63,3,"L10009_2,L10009_1,L10009_0",0.0,7,78.5,6.8066666666666675,7,0,NaN
06:40:54,L10009,427.63,3,"L10009_2,L10009_1,L10009_0",0.0,6,73.92,6.366666666666667,6,0,NaN
06:40:56,L10009,427.63,3,"L10009_2,L10009_1,L10009_0",0.0,6,70.84333333333333,6.12,6,0,NaN
06:40:58,L10009,427.63,3,"L10009_2,L10009_1,L10009_0",0.0,6,75.22,6.37,6,0,NaN
06:41:00,L10009,427.63,3,"L10009_2,L10009_1,L10009_0",0.0,6,70.34,5.9366666666666665,6,0,NaN
06:41:02,L10009,427.63,3,"L10009_2,L10009_1,L10009_0",0.0,6,70.22666666666667,5.583333333333333,6,0,NaN
06:41:04,L10009,427.63,3,"L10009_2,L10009_1,L10009_0",0.0,6,66.71666666666667,5.22,6,0,NaN
06:41:06,L10009,427.63,3,"L10009_2,L10009_1,L10009_0",0.0,5,63.343333333333334,5.22,5,0,NaN
06:41:08,L10009,427.63,3,"L10009_2,L10009_1,L10009_0",0.0,6,67.04,5.413333333333333,6,0,NaN
06:41:10,L10009,427.63,3,"L10009_2,L10009_1,L10009_0",0.0,6,67.26333333333334,5.3,6,0,NaN
06:41:12,L10009,427.63,3,"L10009_2,L10009_1,L10009_0",0.0,5,62.69,5.04,5,0,NaN
06:41:14,L10009,427.63,3,"L10009_2,L10009_1,L10009_0",0.0,5,58.81999999999999,5.04,5,0,NaN
06:41:16,L10009,427.63,3,"L10009_2,L10009_1,L10009_0",0.0,5,58.900000000000006,5.086666666666667,5,0,NaN
06:41:18,L10009,427.63,3,"L10009_2,L10009_1,L10009_0",0.0,5,63.633333333333326,5.760000000000001,5,0,NaN
06:41:20,L10009,427.63,3,"L10009_2,L10009_1,L10009_0",0.0,6,66.82,5.760000000000001,6,0,NaN
06:41:22,L10009,427.63,3,"L10009_2,L10009_1,L10009_0",0.0,6,66.67,5.94,6,0,NaN
06:41:24,L10009,427.63,3,"L10009_2,L10009_1,L10009_0",0.0,6,70.50666666666666,6.303333333333334,6,0,NaN
06:41:26,L10009,427.63,3,"L10009_2,L10009_1,L10009_0",0.0,6,74.21333333333334,6.303333333333334,6,0,NaN
06:41:28,L10009,427.63,3,"L10009_2,L10009_1,L10009_0",0.0,7,82.33333333333333,6.796666666666667,7,0,NaN
06:41:30,L10009,427.63,3,"L10009_2,L10009_1,L10009_0",0.0,7,82.03,6.580000000000001,7,0,NaN
06:41:32,L10009,427.63,3,"L10009_2,L10009_1,L10009_0",0.0,6,70.92,6.256666666666667,6,0,NaN
06:41:34,L10009,427.63,3,"L10009_2,L10009_1,L10009_0",0.0,7,78.95333333333333,6.516666666666667,7,0,NaN
06:41:36,L10009,427.63,3,"L10009_2,L10009_1,L10009_0",0.0,6,74.35333333333334,6.843333333333334,6,0,NaN
06:41:38,L10009,427.63,3,"L10009_2,L10009_1,L10009_0",0.0,7,78.03333333333333,7.023333333333333,7,0,NaN
06:41:40,L10009,427.63,3,"L10009_2,L10009_1,L10009_0",0.0,7,86.91000000000001,7.1066666666666665,7,0,NaN
06:41:42,L10009,427.63,3,"L10009_2,L10009_1,L10009_0",0.0,7,82.28666666666666,7.203333333333333,7,0,NaN
06:41:44,L10009,427.63,3,"L10009_2,L10009_1,L10009_0",0.0,7,85.87333333333333,7.6066666666666665,7,0,NaN
06:41:46,L10009,427.63,3,"L10009_2,L10009_1,L10009_0",0.0,7,86.17999999999999,7.5,7,0,NaN
06:41:48,L10009,427.63,3,"L10009_2,L10009_1,L10009_0",0.0,7,86.43666666666667,7.716666666666666,7,0,NaN
06:41:50,L10009,427.63,3,"L10009_2,L10009_1,L10009_0",0.0,7,82.97000000000001,7.283333333333334,7,0,NaN
06:41:52,L10009,427.63,3,"L10009_2,L10009_1,L10009_0",0.0,7,76.08,7.280000000000001,7,0,NaN
06:41:54,L10009,427.63,3,"L10009_2,L10009_1,L10009_0",0.5966666666666667,8,78.37666666666667,7.523333333333333,8,0,NaN
06:41:56,L10009,427.63,3,"L10009_2,L10009_1,L10009_0",0.0,8,74.34666666666668,7.623333333333332,8,0,NaN
06:41:58,L10009,427.63,3,"L10009_2,L10009_1,L10009_0",0.0,8,77.33999999999999,8.033333333333333,8,0,NaN
06:42:00,L10009,427.63,3,"L10009_2,L10009_1,L10009_0",0.77,8,73.21,7.923333333333335,8,0,NaN
06:42:02,L10009,427.63,3,"L10009_2,L10009_1,L10009_0",0.6633333333333333,8,74.66,8.316666666666668,8,0,NaN
06:42:04,L10009,427.63,3,"L10009_2,L10009_1,L10009_0",0.68,8,73.04666666666667,8.36,8,0,NaN
06:42:06,L10009,427.63,3,"L10009_2,L10009_1,L10009_0",0.0,8,69.53333333333333,8.38,8,0,NaN
06:42:08,L10009,427.63,3,"L10009_2,L10009_1,L10009_0",1.54,8,62.90333333333334,8.43,8,0,NaN
06:42:10,L10009,427.63,3,"L10009_2,L10009_1,L10009_0",2.31,8,61.300000000000004,8.363333333333335,8,0,NaN
06:42:12,L10009,427.63,3,"L10009_2,L10009_1,L10009_0",4.413333333333333,9,64.22000000000001,8.59,9,0,NaN
06:42:14,L10009,427.63,3,"L10009_2,L10009_1,L10009_0",4.516666666666667,8,61.089999999999996,8.283333333333333,8,0,NaN
06:42:16,L10009,427.63,3,"L10009_2,L10009_1,L10009_0",1.54,9,72.72000000000001,8.450000000000001,9,0,NaN
06:42:18,L10009,427.63,3,"L10009_2,L10009_1,L10009_0",0.0,8,73.55333333333333,8.69,8,0,NaN
06:42:20,L10009,427.63,3,"L10009_2,L10009_1,L10009_0",0.5933333333333334,8,74.52666666666667,8.46,8,0,NaN
06:42:22,L10009,427.63,3,"L10009_2,L10009_1,L10009_0",0.0,8,79.52999999999999,8.283333333333333,8,0,NaN
06:42:24,L10009,427.63,3,"L10009_2,L10009_1,L10009_0",0.0,8,76.72000000000001,7.48,8,0,NaN
06:42:26,L10009,427.63,3,"L10009_2,L10009_1,L10009_0",0.0,7,75.92,7.203333333333333,7,0,NaN
06:42:28,L10009,427.63,3,"L10009_2,L10009_1,L10009_0",0.0,7,80.04666666666667,7.023333333333333,7,0,NaN
06:42:30,L10009,427.63,3,"L10009_2,L10009_1,L10009_0",0.0,7,85.2,6.716666666666666,7,0,NaN
06:42:32,L10009,427.63,3,"L10009_2,L10009_1,L10009_0",0.0,6,73.97,6.816666666666667,6,0,NaN
06:42:34,L10009,427.63,3,"L10009_2,L10009_1,L10009_0",0.0,7,78.46,6.843333333333334,7,0,NaN
06:42:36,L10009,427.63,3,"L10009_2,L10009_1,L10009_0",0.0,7,83.13,7.203333333333333,7,0,NaN
06:42:38,L10009,427.63,3,"L10009_2,L10009_1,L10009_0",0.0,8,90.64999999999999,7.32,8,0,NaN
06:42:40,L10009,427.63,3,"L10009_2,L10009_1,L10009_0",0.0,8,88.35666666666667,7.476666666666667,8,0,NaN
06:42:42,L10009,427.63,3,"L10009_2,L10009_1,L10009_0",0.0,8,95.33,7.476666666666667,8,0,NaN
06:42:44,L10009,427.63,3,"L10009_2,L10009_1,L10009_0",0.0,8,92.21999999999998,8.283333333333333,8,0,NaN
06:42:46,L10009,427.63,3,"L10009_2,L10009_1,L10009_0",0.0,7,84.37666666666668,7.563333333333333,7,0,NaN
06:42:48,L10009,427.63,3,"L10009_2,L10009_1,L10009_0",0.0,7,83.94666666666667,6.906666666666666,7,0,NaN
06:42:50,L10009,427.63,3,"L10009_2,L10009_1,L10009_0",0.0,7,77.09,6.846666666666667,7,0,NaN
06:42:52,L10009,427.63,3,"L10009_2,L10009_1,L10009_0",0.0,6,71.79333333333334,6.483333333333333,6,0,NaN
06:42:54,L10009,427.63,3,"L10009_2,L10009_1,L10009_0",0.0,7,75.63333333333334,6.326666666666667,7,0,NaN
06:42:56,L10009,427.63,3,"L10009_2,L10009_1,L10009_0",0.0,6,65.72333333333334,6.123333333333332,6,0,NaN
06:42:58,L10009,427.63,3,"L10009_2,L10009_1,L10009_0",0.0,6,70.15333333333332,6.123333333333332,6,0,NaN
06:43:00,L10009,427.63,3,"L10009_2,L10009_1,L10009_0",0.0,6,72.22,6.8,6,0,NaN
06:43:02,L10009,427.63,3,"L10009_2,L10009_1,L10009_0",0.0,7,79.94333333333333,6.886666666666667,7,0,NaN
06:43:04,L10009,427.63,3,"L10009_2,L10009_1,L10009_0",0.0,6,73.32,6.663333333333333,6,0,NaN
06:43:06,L10009,427.63,3,"L10009_2,L10009_1,L10009_0",0.0,7,76.91333333333334,6.946666666666666,7,0,NaN
06:43:08,L10009,427.63,3,"L10009_2,L10009_1,L10009_0",0.0,7,80.95,7.166666666666667,7,0,NaN
06:43:10,L10009,427.63,3,"L10009_2,L10009_1,L10009_0",0.0,7,81.73,7.046666666666667,7,0,NaN
06:43:12,L10009,427.63,3,"L10009_2,L10009_1,L10009_0",0.0,7,73.63000000000001,6.976666666666667,7,0,NaN
06:43:14,L10009,427.63,3,"L10009_2,L10009_1,L10009_0",0.0,7,63.449999999999996,7.010000000000001,7,0,NaN
06:43:16,L10009,427.63,3,"L10009_2,L10009_1,L10009_0",0.0,7,60.76666666666667,6.553333333333334,7,0,NaN
06:43:18,L10009,427.63,3,"L10009_2,L10009_1,L10009_0",0.0,7,63.00666666666666,6.363333333333334,7,0,NaN
06:43:20,L10009,427.63,3,"L10009_2,L10009_1,L10009_0",1.54,6,59.596666666666664,6.256666666666667,6,0,NaN
06:43:22,L10009,427.63,3,"L10009_2,L10009_1,L10009_0",0.0,6,58.75000000000001,6.31,6,0,NaN
06:43:24,L10009,427.63,3,"L10009_2,L10009_1,L10009_0",0.0,7,62.64333333333334,6.609999999999999,7,0,NaN
06:43:26,L10009,427.63,3,"L10009_2,L10009_1,L10009_0",1.4100000000000001,7,61.09666666666666,6.93,7,0,NaN
06:43:28,L10009,427.63,3,"L10009_2,L10009_1,L10009_0",0.0,7,71.48333333333333,6.63,7,0,NaN
06:43:30,L10009,427.63,3,"L10009_2,L10009_1,L10009_0",0.0,6,66.18,6.533333333333334,6,0,NaN
06:43:32,L10009,427.63,3,"L10009_2,L10009_1,L10009_0",0.0,7,76.88,7.22,7,0,NaN
06:43:34,L10009,427.63,3,"L10009_2,L10009_1,L10009_0",0.0,8,84.33666666666666,7.563333333333333,8,0,NaN
06:43:36,L10009,427.63,3,"L10009_2,L10009_1,L10009_0",0.0,8,85.98333333333333,7.5,8,0,NaN
06:43:38,L10009,427.63,3,"L10009_2,L10009_1,L10009_0",0.0,8,86.87333333333332,7.7200000000000015,8,0,NaN
06:43:40,L10009,427.63,3,"L10009_2,L10009_1,L10009_0",0.0,8,94.77,7.84,8,0,NaN
06:43:42,L10009,427.63,3,"L10009_2,L10009_1,L10009_0",0.0,8,89.58999999999999,7.713333333333334,8,0,NaN
06:43:44,L10009,427.63,3,"L10009_2,L10009_1,L10009_0",0.0,8,93.83333333333333,7.579999999999999,8,0,NaN
06:43:46,L10009,427.63,3,"L10009_2,L10009_1,L10009_0",0.0,8,89.62,7.890000000000001,8,0,NaN
06:43:48,L10009,427.63,3,"L10009_2,L10009_1,L10009_0",0.0,8,96.83333333333333,8.299999999999999,8,0,NaN
06:43:50,L10009,427.63,3,"L10009_2,L10009_1,L10009_0",0.0,9,102.58666666666666,8.633333333333335,9,0,NaN
06:43:52,L10009,427.63,3,"L10009_2,L10009_1,L10009_0",0.0,8,90.50666666666666,8.39,8,0,NaN
06:43:54,L10009,427.63,3,"L10009_2,L10009_1,L10009_0",0.0,8,81.4,8.516666666666667,8,0,NaN
06:43:56,L10009,427.63,3,"L10009_2,L10009_1,L10009_0",0.77,8,81.67,8.6,8,0,NaN
06:43:58,L10009,427.63,3,"L10009_2,L10009_1,L10009_0",0.0,8,78.44999999999999,8.573333333333332,8,0,NaN
06:44:00,L10009,427.63,3,"L10009_2,L10009_1,L10009_0",2.0966666666666667,9,72.29,9.25,9,0,NaN
06:44:02,L10009,427.63,3,"L10009_2,L10009_1,L10009_0",0.77,8,69.05,8.65,8,0,NaN
06:44:04,L10009,427.63,3,"L10009_2,L10009_1,L10009_0",1.54,8,71.91666666666666,8.583333333333334,8,0,NaN
06:44:06,L10009,427.63,3,"L10009_2,L10009_1,L10009_0",1.4633333333333332,8,75.43333333333335,8.443333333333333,8,0,NaN
06:44:08,L10009,427.63,3,"L10009_2,L10009_1,L10009_0",2.31,8,69.69666666666667,8.366666666666667,8,0,NaN
06:44:10,L10009,427.63,3,"L10009_2,L10009_1,L10009_0",2.31,8,70.56,8.316666666666668,8,0,NaN
06:44:12,L10009,427.63,3,"L10009_2,L10009_1,L10009_0",0.0,8,75.10333333333334,7.44,8,0,NaN
06:44:14,L10009,427.63,3,"L10009_2,L10009_1,L10009_0",0.0,7,71.44,7.173333333333335,7,0,NaN
06:44:16,L10009,427.63,3,"L10009_2,L10009_1,L10009_0",0.0,7,71.99,6.983333333333334,7,0,NaN
06:44:18,L10009,427.63,3,"L10009_2,L10009_1,L10009_0",0.77,7,74.51333333333334,6.916666666666667,7,0,NaN
06:44:20,L10009,427.63,3,"L10009_2,L10009_1,L10009_0",0.0,8,85.60666666666667,7.45,8,0,NaN
06:44:22,L10009,427.63,3,"L10009_2,L10009_1,L10009_0",0.0,8,83.09666666666666,7.593333333333334,8,0,NaN
06:44:24,L10009,427.63,3,"L10009_2,L10009_1,L10009_0",0.0,8,86.88333333333333,7.773333333333333,8,0,NaN
06:44:26,L10009,427.63,3,"L10009_2,L10009_1,L10009_0",0.0,8,89.79,7.989999999999999,8,0,NaN
06:44:28,L10009,427.63,3,"L10009_2,L10009_1,L10009_0",0.0,8,84.35,7.746666666666667,8,0,NaN
06:44:30,L10009,427.63,3,"L10009_2,L10009_1,L10009_0",0.0,8,88.57333333333332,7.62,8,0,NaN
06:44:32,L10009,427.63,3,"L10009_2,L10009_1,L10009_0",0.0,7,74.16,7.486666666666667,7,0,NaN
06:44:34,L10009,427.63,3,"L10009_2,L10009_1,L10009_0",0.0,7,74.38333333333333,7.116666666666667,7,0,NaN
06:44:36,L10009,427.63,3,"L10009_2,L10009_1,L10009_0",0.0,7,73.89,7.359999999999999,7,0,NaN
06:44:38,L10009,427.63,3,"L10009_2,L10009_1,L10009_0",0.0,7,71.16,7.383333333333333,7,0,NaN
06:44:40,L10009,427.63,3,"L10009_2,L10009_1,L10009_0",0.0,8,81.2,7.27,8,0,NaN
06:44:42,L10009,427.63,3,"L10009_2,L10009_1,L10009_0",0.5733333333333334,8,82.58,8.036666666666667,8,0,NaN
06:44:44,L10009,427.63,3,"L10009_2,L10009_1,L10009_0",0.0,8,80.74000000000001,8.016666666666667,8,0,NaN
06:44:46,L10009,427.63,3,"L10009_2,L10009_1,L10009_0",0.0,7,80.96,7.5633333333333335,7,0,NaN
06:44:48,L10009,427.63,3,"L10009_2,L10009_1,L10009_0",0.0,8,85.50999999999999,7.613333333333334,8,0,NaN
06:44:50,L10009,427.63,3,"L10009_2,L10009_1,L10009_0",0.0,7,82.83999999999999,7.383333333333333,7,0,NaN
06:44:52,L10009,427.63,3,"L10009_2,L10009_1,L10009_0",0.0,8,85.48,7.04,8,0,NaN
06:44:54,L10009,427.63,3,"L10009_2,L10009_1,L10009_0",0.0,7,77.80999999999999,7.023333333333333,7,0,NaN
06:44:56,L10009,427.63,3,"L10009_2,L10009_1,L10009_0",0.0,8,86.90000000000002,7.063333333333333,8,0,NaN
06:44:58,L10009,427.63,3,"L10009_2,L10009_1,L10009_0",0.0,8,87.85000000000001,7.833333333333333,8,0,NaN
06:45:00,L10009,427.63,3,"L10009_2,L10009_1,L10009_0",0.0,8,91.39999999999999,8.116666666666667,8,0,NaN
06:45:02,L10009,427.63,3,"L10009_2,L10009_1,L10009_0",0.0,8,87.83,7.923333333333333,8,0,NaN
06:45:04,L10009,427.63,3,"L10009_2,L10009_1,L10009_0",0.0,8,87.54666666666668,7.803333333333335,8,0,NaN
06:45:06,L10009,427.63,3,"L10009_2,L10009_1,L10009_0",0.0,8,88.02666666666666,7.8566666666666665,8,0,NaN
06:45:08,L10009,427.63,3,"L10009_2,L10009_1,L10009_0",0.0,8,91.15000000000002,7.853333333333334,8,0,NaN
06:45:10,L10009,427.63,3,"L10009_2,L10009_1,L10009_0",0.0,8,85.87666666666667,8.046666666666667,8,0,NaN
06:45:12,L10009,427.63,3,"L10009_2,L10009_1,L10009_0",0.0,8,91.10666666666667,8.066666666666668,8,0,NaN
06:45:14,L10009,427.63,3,"L10009_2,L10009_1,L10009_0",0.0,8,94.76666666666667,8.44,8,0,NaN
06:45:16,L10009,427.63,3,"L10009_2,L10009_1,L10009_0",0.0,8,94.50333333333333,8.66,8,0,NaN
06:45:18,L10009,427.63,3,"L10009_2,L10009_1,L10009_0",0.0,8,92.98333333333333,8.643333333333333,8,0,NaN
06:45:20,L10009,427.63,3,"L10009_2,L10009_1,L10009_0",0.0,9,97.52666666666666,8.806666666666667,9,0,NaN
06:45:22,L10009,427.63,3,"L10009_2,L10009_1,L10009_0",0.0,8,91.39,8.51,8,0,NaN
06:45:24,L10009,427.63,3,"L10009_2,L10009_1,L10009_0",0.0,9,94.22000000000001,8.583333333333334,9,0,NaN
06:45:26,L10009,427.63,3,"L10009_2,L10009_1,L10009_0",0.0,8,82.01666666666667,8.2,8,0,NaN
06:45:28,L10009,427.63,3,"L10009_2,L10009_1,L10009_0",0.77,8,71.64,8.283333333333333,8,0,NaN
06:45:30,L10009,427.63,3,"L10009_2,L10009_1,L10009_0",0.6533333333333333,8,71.68,7.716666666666666,8,0,NaN
06:45:32,L10009,427.63,3,"L10009_2,L10009_1,L10009_0",0.0,7,66.76666666666667,7.493333333333332,7,0,NaN
06:45:34,L10009,427.63,3,"L10009_2,L10009_1,L10009_0",0.77,7,61.36666666666667,7.3500000000000005,7,0,NaN
06:45:36,L10009,427.63,3,"L10009_2,L10009_1,L10009_0",1.38,7,64.43333333333334,7.4700000000000015,7,0,NaN
06:45:38,L10009,427.63,3,"L10009_2,L10009_1,L10009_0",0.0,7,64.69,7.023333333333333,7,0,NaN
06:45:40,L10009,427.63,3,"L10009_2,L10009_1,L10009_0",0.77,7,61.21333333333334,7.109999999999999,7,0,NaN
06:45:42,L10009,427.63,3,"L10009_2,L10009_1,L10009_0",0.77,7,66.74,7.413333333333334,7,0,NaN
06:45:44,L10009,427.63,3,"L10009_2,L10009_1,L10009_0",0.0,7,71.24333333333333,7.203333333333333,7,0,NaN
06:45:46,L10009,427.63,3,"L10009_2,L10009_1,L10009_0",0.63,7,69.96,7.09,7,0,NaN
06:45:48,L10009,427.63,3,"L10009_2,L10009_1,L10009_0",0.77,7,68.50666666666666,6.859999999999999,7,0,NaN
06:45:50,L10009,427.63,3,"L10009_2,L10009_1,L10009_0",0.0,7,72.96,6.663333333333334,7,0,NaN
06:45:52,L10009,427.63,3,"L10009_2,L10009_1,L10009_0",0.0,7,73.52666666666667,6.633333333333334,7,0,NaN
06:45:54,L10009,427.63,3,"L10009_2,L10009_1,L10009_0",0.0,6,68.81666666666666,6.663333333333333,6,0,NaN
06:45:56,L10009,427.63,3,"L10009_2,L10009_1,L10009_0",0.0,7,74.86,6.596666666666667,7,0,NaN
06:45:58,L10009,427.63,3,"L10009_2,L10009_1,L10009_0",0.0,7,80.83,6.483333333333334,7,0,NaN
06:46:00,L10009,427.63,3,"L10009_2,L10009_1,L10009_0",0.0,7,78.03333333333335,6.21,7,0,NaN
06:46:02,L10009,427.63,3,"L10009_2,L10009_1,L10009_0",0.0,6,73.14666666666668,6.54,6,0,NaN
06:46:04,L10009,427.63,3,"L10009_2,L10009_1,L10009_0",0.0,7,77.79333333333334,6.57,7,0,NaN
06:46:06,L10009,427.63,3,"L10009_2,L10009_1,L10009_0",0.0,6,72.11666666666666,6.843333333333334,6,0,NaN
06:46:08,L10009,427.63,3,"L10009_2,L10009_1,L10009_0",0.0,7,77.18666666666667,6.843333333333334,7,0,NaN
06:46:10,L10009,427.63,3,"L10009_2,L10009_1,L10009_0",0.0,7,78.17333333333333,7.023333333333333,7,0,NaN
06:46:12,L10009,427.63,3,"L10009_2,L10009_1,L10009_0",0.0,7,82.31666666666666,7.203333333333333,7,0,NaN
06:46:14,L10009,427.63,3,"L10009_2,L10009_1,L10009_0",0.0,7,82.26,7.383333333333333,7,0,NaN
06:46:16,L10009,427.63,3,"L10009_2,L10009_1,L10009_0",0.0,8,91.02333333333333,7.5633333333333335,8,0,NaN
06:46:18,L10009,427.63,3,"L10009_2,L10009_1,L10009_0",0.0,7,85.77333333333333,7.736666666666667,7,0,NaN
06:46:20,L10009,427.63,3,"L10009_2,L10009_1,L10009_0",0.0,8,89.00333333333333,7.423333333333333,8,0,NaN
06:46:22,L10009,427.63,3,"L10009_2,L10009_1,L10009_0",0.0,7,81.49000000000001,7.023333333333333,7,0,NaN
06:46:24,L10009,427.63,3,"L10009_2,L10009_1,L10009_0",0.0,7,85.16333333333334,7.463333333333334,7,0,NaN
06:46:26,L10009,427.63,3,"L10009_2,L10009_1,L10009_0",0.0,8,89.30000000000001,7.743333333333333,8,0,NaN
06:46:28,L10009,427.63,3,"L10009_2,L10009_1,L10009_0",0.0,7,85.98666666666666,7.203333333333333,7,0,NaN
06:46:30,L10009,427.63,3,"L10009_2,L10009_1,L10009_0",0.0,8,89.44666666666666,7.563333333333333,8,0,NaN
06:46:32,L10009,427.63,3,"L10009_2,L10009_1,L10009_0",0.0,7,86.85000000000001,7.563333333333333,7,0,NaN
06:46:34,L10009,427.63,3,"L10009_2,L10009_1,L10009_0",0.0,7,86.07666666666667,7.563333333333333,7,0,NaN
06:46:36,L10009,427.63,3,"L10009_2,L10009_1,L10009_0",0.0,8,90.23,7.489999999999999,8,0,NaN
06:46:38,L10009,427.63,3,"L10009_2,L10009_1,L10009_0",0.0,8,90.16000000000001,7.903333333333333,8,0,NaN
06:46:40,L10009,427.63,3,"L10009_2,L10009_1,L10009_0",0.0,8,93.96,7.876666666666666,8,0,NaN
06:46:42,L10009,427.63,3,"L10009_2,L10009_1,L10009_0",0.0,8,95.05333333333333,7.926666666666667,8,0,NaN
06:46:44,L10009,427.63,3,"L10009_2,L10009_1,L10009_0",0.0,8,94.02666666666666,8.103333333333333,8,0,NaN
06:46:46,L10009,427.63,3,"L10009_2,L10009_1,L10009_0",0.0,8,94.39333333333333,7.923333333333335,8,0,NaN
06:46:48,L10009,427.63,3,"L10009_2,L10009_1,L10009_0",0.0,7,86.34666666666665,7.43,7,0,NaN
06:46:50,L10009,427.63,3,"L10009_2,L10009_1,L10009_0",0.0,7,87.10000000000001,7.383333333333333,7,0,NaN
06:46:52,L10009,427.63,3,"L10009_2,L10009_1,L10009_0",0.0,7,85.67999999999999,7.126666666666666,7,0,NaN
06:46:54,L10009,427.63,3,"L10009_2,L10009_1,L10009_0",0.0,8,90.19666666666667,7.253333333333333,8,0,NaN
06:46:56,L10009,427.63,3,"L10009_2,L10009_1,L10009_0",0.0,8,90.44333333333334,7.923333333333335,8,0,NaN
06:46:58,L10009,427.63,3,"L10009_2,L10009_1,L10009_0",0.0,8,89.89666666666666,7.923333333333335,8,0,NaN
06:47:00,L10009,427.63,3,"L10009_2,L10009_1,L10009_0",0.0,8,91.06,7.156666666666666,8,0,NaN
06:47:02,L10009,427.63,3,"L10009_2,L10009_1,L10009_0",0.0,7,82.47000000000001,7.196666666666668,7,0,NaN
06:47:04,L10009,427.63,3,"L10009_2,L10009_1,L10009_0",0.0,7,78.85000000000001,7.176666666666667,7,0,NaN
06:47:06,L10009,427.63,3,"L10009_2,L10009_1,L10009_0",0.0,7,78.53666666666668,6.243333333333333,7,0,NaN
06:47:08,L10009,427.63,3,"L10009_2,L10009_1,L10009_0",0.0,6,74.53,6.419999999999999,6,0,NaN
06:47:10,L10009,427.63,3,"L10009_2,L10009_1,L10009_0",0.0,6,69.83333333333333,6.123333333333334,6,0,NaN
06:47:12,L10009,427.63,3,"L10009_2,L10009_1,L10009_0",0.0,6,74.83999999999999,6.483333333333333,6,0,NaN
06:47:14,L10009,427.63,3,"L10009_2,L10009_1,L10009_0",0.0,6,70.82000000000001,5.943333333333334,6,0,NaN
06:47:16,L10009,427.63,3,"L10009_2,L10009_1,L10009_0",0.0,6,66.80333333333333,6.123333333333334,6,0,NaN
06:47:18,L10009,427.63,3,"L10009_2,L10009_1,L10009_0",0.0,6,75.43666666666667,6.123333333333334,6,0,NaN
06:47:20,L10009,427.63,3,"L10009_2,L10009_1,L10009_0",0.0,6,70.31,5.913333333333334,6,0,NaN
06:47:22,L10009,427.63,3,"L10009_2,L10009_1,L10009_0",0.0,6,66.2,5.9433333333333325,6,0,NaN
06:47:24,L10009,427.63,3,"L10009_2,L10009_1,L10009_0",0.0,6,70.2,6.303333333333334,6,0,NaN
06:47:26,L10009,427.63,3,"L10009_2,L10009_1,L10009_0",0.0,6,74.03,6.303333333333334,6,0,NaN
06:47:28,L10009,427.63,3,"L10009_2,L10009_1,L10009_0",0.0,6,74.56,6.483333333333334,6,0,NaN
06:47:30,L10009,427.63,3,"L10009_2,L10009_1,L10009_0",0.0,6,73.77666666666667,6.843333333333334,6,0,NaN
06:47:32,L10009,427.63,3,"L10009_2,L10009_1,L10009_0",0.0,7,82.51333333333334,6.663333333333334,7,0,NaN
06:47:34,L10009,427.63,3,"L10009_2,L10009_1,L10009_0",0.0,7,78.03333333333333,6.303333333333334,7,0,NaN
06:47:36,L10009,427.63,3,"L10009_2,L10009_1,L10009_0",0.0,6,70.21333333333334,6.483333333333334,6,0,NaN
06:47:38,L10009,427.63,3,"L10009_2,L10009_1,L10009_0",0.0,6,75.12,6.2,6,0,NaN
06:47:40,L10009,427.63,3,"L10009_2,L10009_1,L10009_0",0.0,6,70.43333333333334,5.953333333333333,6,0,NaN
06:47:42,L10009,427.63,3,"L10009_2,L10009_1,L10009_0",0.0,6,69.81333333333333,6.223333333333334,6,0,NaN
06:47:44,L10009,427.63,3,"L10009_2,L10009_1,L10009_0",0.0,6,75.17333333333333,5.43,6,0,NaN
06:47:46,L10009,427.63,3,"L10009_2,L10009_1,L10009_0",0.0,6,66.8,5.390000000000001,6,0,NaN
06:47:48,L10009,427.63,3,"L10009_2,L10009_1,L10009_0",0.0,6,66.46333333333334,5.54,6,0,NaN
06:47:50,L10009,427.63,3,"L10009_2,L10009_1,L10009_0",0.0,6,66.36999999999999,5.903333333333333,6,0,NaN
06:47:52,L10009,427.63,3,"L10009_2,L10009_1,L10009_0",0.0,6,70.64,5.836666666666666,6,0,NaN
06:47:54,L10009,427.63,3,"L10009_2,L10009_1,L10009_0",0.0,6,69.17999999999999,6.109999999999999,6,0,NaN
06:47:56,L10009,427.63,3,"L10009_2,L10009_1,L10009_0",0.0,6,65.23333333333333,6.123333333333334,6,0,NaN
06:47:58,L10009,427.63,3,"L10009_2,L10009_1,L10009_0",0.0,6,73.06333333333333,6.163333333333334,6,0,NaN
06:48:00,L10009,427.63,3,"L10009_2,L10009_1,L10009_0",0.0,6,65.93666666666667,5.763333333333333,6,0,NaN
06:48:02,L10009,427.63,3,"L10009_2,L10009_1,L10009_0",0.0,6,74.84333333333333,5.95,6,0,NaN
06:48:04,L10009,427.63,3,"L10009_2,L10009_1,L10009_0",0.0,7,77.35333333333334,6.3500000000000005,7,0,NaN
06:48:06,L10009,427.63,3,"L10009_2,L10009_1,L10009_0",0.0,6,71.57000000000001,6.52,6,0,NaN
06:48:08,L10009,427.63,3,"L10009_2,L10009_1,L10009_0",0.0,7,79.30999999999999,6.6433333333333335,7,0,NaN
06:48:10,L10009,427.63,3,"L10009_2,L10009_1,L10009_0",0.0,7,76.12666666666667,6.783333333333334,7,0,NaN
06:48:12,L10009,427.63,3,"L10009_2,L10009_1,L10009_0",0.0,7,76.25333333333333,6.663333333333334,7,0,NaN
06:48:14,L10009,427.63,3,"L10009_2,L10009_1,L10009_0",0.0,8,85.97000000000001,7.193333333333334,8,0,NaN
06:48:16,L10009,427.63,3,"L10009_2,L10009_1,L10009_0",0.0,7,82.24000000000001,7.6433333333333335,7,0,NaN
06:48:18,L10009,427.63,3,"L10009_2,L10009_1,L10009_0",0.0,7,83.10666666666667,7.383333333333333,7,0,NaN
06:48:20,L10009,427.63,3,"L10009_2,L10009_1,L10009_0",0.0,7,80.04666666666668,7.326666666666667,7,0,NaN
06:48:22,L10009,427.63,3,"L10009_2,L10009_1,L10009_0",0.0,8,78.75333333333334,7.383333333333334,8,0,NaN
06:48:24,L10009,427.63,3,"L10009_2,L10009_1,L10009_0",0.0,7,78.25333333333333,7.16,7,0,NaN
06:48:26,L10009,427.63,3,"L10009_2,L10009_1,L10009_0",0.0,7,82.79333333333334,7.283333333333334,7,0,NaN
06:48:28,L10009,427.63,3,"L10009_2,L10009_1,L10009_0",0.0,7,75.55,7.169999999999999,7,0,NaN
06:48:30,L10009,427.63,3,"L10009_2,L10009_1,L10009_0",0.0,7,76.27333333333333,7.023333333333333,7,0,NaN
06:48:32,L10009,427.63,3,"L10009_2,L10009_1,L10009_0",0.0,7,77.90666666666667,7.02,7,0,NaN
06:48:34,L10009,427.63,3,"L10009_2,L10009_1,L10009_0",0.0,7,72.25666666666667,6.803333333333332,7,0,NaN
06:48:36,L10009,427.63,3,"L10009_2,L10009_1,L10009_0",0.0,7,75.70666666666666,7.023333333333333,7,0,NaN
06:48:38,L10009,427.63,3,"L10009_2,L10009_1,L10009_0",0.0,7,75.69,6.243333333333333,7,0,NaN
06:48:40,L10009,427.63,3,"L10009_2,L10009_1,L10009_0",0.0,6,65.43666666666667,5.786666666666666,6,0,NaN
06:48:42,L10009,427.63,3,"L10009_2,L10009_1,L10009_0",0.0,5,63.23333333333334,5.763333333333333,5,0,NaN
06:48:44,L10009,427.63,3,"L10009_2,L10009_1,L10009_0",0.0,6,66.47,5.763333333333333,6,0,NaN
06:48:46,L10009,427.63,3,"L10009_2,L10009_1,L10009_0",0.0,6,66.42333333333333,5.536666666666666,6,0,NaN
06:48:48,L10009,427.63,3,"L10009_2,L10009_1,L10009_0",0.0,6,66.11,5.9433333333333325,6,0,NaN
06:48:50,L10009,427.63,3,"L10009_2,L10009_1,L10009_0",0.0,6,69.89333333333333,5.9433333333333325,6,0,NaN
06:48:52,L10009,427.63,3,"L10009_2,L10009_1,L10009_0",0.0,6,69.85,6.303333333333332,6,0,NaN
06:48:54,L10009,427.63,3,"L10009_2,L10009_1,L10009_0",0.0,6,70.99,6.483333333333334,6,0,NaN
06:48:56,L10009,427.63,3,"L10009_2,L10009_1,L10009_0",0.0,6,75.09333333333333,6.483333333333334,6,0,NaN
06:48:58,L10009,427.63,3,"L10009_2,L10009_1,L10009_0",0.0,7,77.82,6.663333333333334,7,0,NaN
06:49:00,L10009,427.63,3,"L10009_2,L10009_1,L10009_0",0.0,6,73.56333333333333,6.396666666666667,6,0,NaN
06:49:02,L10009,427.63,3,"L10009_2,L10009_1,L10009_0",0.0,6,69.48333333333333,6.073333333333333,6,0,NaN
06:49:04,L10009,427.63,3,"L10009_2,L10009_1,L10009_0",0.0,6,70.08333333333333,6.153333333333333,6,0,NaN
06:49:06,L10009,427.63,3,"L10009_2,L10009_1,L10009_0",0.0,6,74.01333333333334,6.483333333333334,6,0,NaN
06:49:08,L10009,427.63,3,"L10009_2,L10009_1,L10009_0",0.0,7,78.38666666666667,6.303333333333334,7,0,NaN
06:49:10,L10009,427.63,3,"L10009_2,L10009_1,L10009_0",0.0,7,77.65333333333332,6.506666666666667,7,0,NaN
06:49:12,L10009,427.63,3,"L10009_2,L10009_1,L10009_0",0.0,6,73.85333333333334,6.483333333333334,6,0,NaN
06:49:14,L10009,427.63,3,"L10009_2,L10009_1,L10009_0",0.0,6,74.33999999999999,6.446666666666666,6,0,NaN
06:49:16,L10009,427.63,3,"L10009_2,L10009_1,L10009_0",0.0,6,73.60666666666667,6.663333333333334,6,0,NaN
06:49:18,L10009,427.63,3,"L10009_2,L10009_1,L10009_0",0.0,7,78.65333333333334,6.6933333333333325,7,0,NaN
06:49:20,L10009,427.63,3,"L10009_2,L10009_1,L10009_0",0.0,7,78.21333333333332,6.6933333333333325,7,0,NaN
06:49:22,L10009,427.63,3,"L10009_2,L10009_1,L10009_0",0.0,7,77.78666666666668,6.836666666666667,7,0,NaN
06:49:24,L10009,427.63,3,"L10009_2,L10009_1,L10009_0",0.0,7,78.66666666666667,6.663333333333334,7,0,NaN
06:49:26,L10009,427.63,3,"L10009_2,L10009_1,L10009_0",0.0,6,74.82333333333334,6.59,6,0,NaN
06:49:28,L10009,427.63,3,"L10009_2,L10009_1,L10009_0",0.0,6,74.75333333333334,6.353333333333334,6,0,NaN
06:49:30,L10009,427.63,3,"L10009_2,L10009_1,L10009_0",0.0,7,78.56,6.483333333333333,7,0,NaN
06:49:32,L10009,427.63,3,"L10009_2,L10009_1,L10009_0",0.0,7,77.98666666666666,6.95,7,0,NaN
06:49:34,L10009,427.63,3,"L10009_2,L10009_1,L10009_0",0.0,8,91.03666666666668,7.739999999999999,8,0,NaN
06:49:36,L10009,427.63,3,"L10009_2,L10009_1,L10009_0",0.0,7,85.48666666666666,7.6433333333333335,7,0,NaN
06:49:38,L10009,427.63,3,"L10009_2,L10009_1,L10009_0",0.0,8,88.49,7.8933333333333335,8,0,NaN
06:49:40,L10009,427.63,3,"L10009_2,L10009_1,L10009_0",0.0,8,87.16666666666667,8.04,8,0,NaN
06:49:42,L10009,427.63,3,"L10009_2,L10009_1,L10009_0",0.0,9,99.46,8.473333333333333,9,0,NaN
06:49:44,L10009,427.63,3,"L10009_2,L10009_1,L10009_0",0.0,8,85.53666666666668,8.409999999999998,8,0,NaN
06:49:46,L10009,427.63,3,"L10009_2,L10009_1,L10009_0",0.0,8,90.94000000000001,8.206666666666665,8,0,NaN
06:49:48,L10009,427.63,3,"L10009_2,L10009_1,L10009_0",0.0,8,88.82,7.803333333333334,8,0,NaN
06:49:50,L10009,427.63,3,"L10009_2,L10009_1,L10009_0",0.0,8,91.67333333333333,8.643333333333333,8,0,NaN
06:49:52,L10009,427.63,3,"L10009_2,L10009_1,L10009_0",0.0,9,92.48,8.903333333333334,9,0,NaN
06:49:54,L10009,427.63,3,"L10009_2,L10009_1,L10009_0",0.0,9,97.57,9.17,9,0,NaN
06:49:56,L10009,427.63,3,"L10009_2,L10009_1,L10009_0",0.0,9,97.84666666666665,8.656666666666666,9,0,NaN
06:49:58,L10009,427.63,3,"L10009_2,L10009_1,L10009_0",0.0,8,94.74333333333334,8.353333333333332,8,0,NaN
06:50:00,L10009,427.63,3,"L10009_2,L10009_1,L10009_0",0.0,9,99.04333333333334,8.57,9,0,NaN
06:50:02,L10009,427.63,3,"L10009_2,L10009_1,L10009_0",0.0,8,92.00333333333333,8.256666666666666,8,0,NaN
06:50:04,L10009,427.63,3,"L10009_2,L10009_1,L10009_0",0.0,8,95.57000000000001,8.46,8,0,NaN
06:50:06,L10009,427.63,3,"L10009_2,L10009_1,L10009_0",0.0,8,91.57333333333332,8.103333333333333,8,0,NaN
06:50:08,L10009,427.63,3,"L10009_2,L10009_1,L10009_0",0.0,8,90.61666666666667,8.22,8,0,NaN
06:50:10,L10009,427.63,3,"L10009_2,L10009_1,L10009_0",0.0,8,88.65333333333332,8.093333333333334,8,0,NaN
06:50:12,L10009,427.63,3,"L10009_2,L10009_1,L10009_0",0.0,8,89.3,7.753333333333333,8,0,NaN
06:50:14,L10009,427.63,3,"L10009_2,L10009_1,L10009_0",0.0,8,91.37333333333333,7.816666666666667,8,0,NaN
06:50:16,L10009,427.63,3,"L10009_2,L10009_1,L10009_0",0.0,9,99.33,8.323333333333332,9,0,NaN
06:50:18,L10009,427.63,3,"L10009_2,L10009_1,L10009_0",0.0,9,100.51666666666667,8.153333333333332,9,0,NaN
06:50:20,L10009,427.63,3,"L10009_2,L10009_1,L10009_0",0.0,8,90.73333333333333,8.103333333333333,8,0,NaN
06:50:22,L10009,427.63,3,"L10009_2,L10009_1,L10009_0",0.0,8,94.03333333333335,7.563333333333333,8,0,NaN
06:50:24,L10009,427.63,3,"L10009_2,L10009_1,L10009_0",0.0,8,90.14333333333333,7.886666666666666,8,0,NaN
06:50:26,L10009,427.63,3,"L10009_2,L10009_1,L10009_0",0.0,8,92.63333333333333,7.510000000000001,8,0,NaN
06:50:28,L10009,427.63,3,"L10009_2,L10009_1,L10009_0",0.0,7,79.26333333333334,7.59,7,0,NaN
06:50:30,L10009,427.63,3,"L10009_2,L10009_1,L10009_0",0.0,8,84.01333333333334,8.283333333333333,8,0,NaN
06:50:32,L10009,427.63,3,"L10009_2,L10009_1,L10009_0",0.0,8,77.72,8.053333333333335,8,0,NaN
06:50:34,L10009,427.63,3,"L10009_2,L10009_1,L10009_0",0.0,8,81.77333333333333,8.24,8,0,NaN
06:50:36,L10009,427.63,3,"L10009_2,L10009_1,L10009_0",0.0,8,85.94333333333334,7.753333333333334,8,0,NaN
06:50:38,L10009,427.63,3,"L10009_2,L10009_1,L10009_0",0.0,7,82.61666666666666,7.5633333333333335,7,0,NaN
06:50:40,L10009,427.63,3,"L10009_2,L10009_1,L10009_0",0.0,8,86.75333333333333,7.533333333333334,8,0,NaN
06:50:42,L10009,427.63,3,"L10009_2,L10009_1,L10009_0",0.0,8,91.24666666666667,7.66,8,0,NaN
06:50:44,L10009,427.63,3,"L10009_2,L10009_1,L10009_0",0.0,8,89.92,7.73,8,0,NaN
06:50:46,L10009,427.63,3,"L10009_2,L10009_1,L10009_0",0.0,8,91.17333333333333,8.133333333333333,8,0,NaN
06:50:48,L10009,427.63,3,"L10009_2,L10009_1,L10009_0",0.0,8,91.03999999999998,8.5,8,0,NaN
06:50:50,L10009,427.63,3,"L10009_2,L10009_1,L10009_0",0.5633333333333334,9,88.00333333333333,8.853333333333333,9,0,NaN
06:50:52,L10009,427.63,3,"L10009_2,L10009_1,L10009_0",0.0,9,80.83,8.876666666666665,9,0,NaN
06:50:54,L10009,427.63,3,"L10009_2,L10009_1,L10009_0",0.63,9,82.94333333333333,9.56,9,0,NaN
06:50:56,L10009,427.63,3,"L10009_2,L10009_1,L10009_0",0.77,10,89.44,9.473333333333333,10,0,NaN
06:50:58,L10009,427.63,3,"L10009_2,L10009_1,L10009_0",0.77,9,92.49333333333334,9.450000000000001,9,0,NaN
06:51:00,L10009,427.63,3,"L10009_2,L10009_1,L10009_0",0.6166666666666667,9,92.33999999999999,8.913333333333332,9,0,NaN
06:51:02,L10009,427.63,3,"L10009_2,L10009_1,L10009_0",0.0,9,94.55,8.456666666666667,9,0,NaN
06:51:04,L10009,427.63,3,"L10009_2,L10009_1,L10009_0",0.0,8,89.06,8.18,8,0,NaN
06:51:06,L10009,427.63,3,"L10009_2,L10009_1,L10009_0",0.0,8,95.86666666666667,8.206666666666667,8,0,NaN
06:51:08,L10009,427.63,3,"L10009_2,L10009_1,L10009_0",0.0,8,93.64333333333333,7.989999999999999,8,0,NaN
06:51:10,L10009,427.63,3,"L10009_2,L10009_1,L10009_0",0.0,8,97.95,8.103333333333333,8,0,NaN
06:51:12,L10009,427.63,3,"L10009_2,L10009_1,L10009_0",0.0,8,89.53333333333335,8.103333333333333,8,0,NaN
06:51:14,L10009,427.63,3,"L10009_2,L10009_1,L10009_0",0.0,8,92.23333333333333,7.840000000000001,8,0,NaN
06:51:16,L10009,427.63,3,"L10009_2,L10009_1,L10009_0",0.0,7,83.36666666666667,7.52,7,0,NaN
06:51:18,L10009,427.63,3,"L10009_2,L10009_1,L10009_0",0.0,8,74.50666666666667,7.273333333333333,8,0,NaN
06:51:20,L10009,427.63,3,"L10009_2,L10009_1,L10009_0",0.0,7,61.903333333333336,7.2700000000000005,7,0,NaN
06:51:22,L10009,427.63,3,"L10009_2,L10009_1,L10009_0",0.0,8,68.67333333333335,7.723333333333334,8,0,NaN
06:51:24,L10009,427.63,3,"L10009_2,L10009_1,L10009_0",0.5599999999999999,8,73.60666666666667,7.873333333333334,8,0,NaN
06:51:26,L10009,427.63,3,"L10009_2,L10009_1,L10009_0",0.77,8,70.45,7.52,8,0,NaN
06:51:28,L10009,427.63,3,"L10009_2,L10009_1,L10009_0",0.0,7,66.82000000000001,7.546666666666667,7,0,NaN
06:51:30,L10009,427.63,3,"L10009_2,L10009_1,L10009_0",0.77,8,71.15,7.6066666666666665,8,0,NaN
06:51:32,L10009,427.63,3,"L10009_2,L10009_1,L10009_0",0.77,9,91.71666666666665,9.003333333333334,9,0,NaN
06:51:34,L10009,427.63,3,"L10009_2,L10009_1,L10009_0",2.9066666666666667,9,90.78333333333335,8.673333333333334,9,0,NaN
06:51:36,L10009,427.63,3,"L10009_2,L10009_1,L10009_0",1.54,9,88.92,8.463333333333333,9,0,NaN
06:51:38,L10009,427.63,3,"L10009_2,L10009_1,L10009_0",0.0,9,91.85333333333334,8.959999999999999,9,0,NaN
06:51:40,L10009,427.63,3,"L10009_2,L10009_1,L10009_0",1.1900000000000002,9,88.41333333333334,9.116666666666667,9,0,NaN
06:51:42,L10009,427.63,3,"L10009_2,L10009_1,L10009_0",0.0,10,112.62,9.593333333333334,10,0,NaN
06:51:44,L10009,427.63,3,"L10009_2,L10009_1,L10009_0",0.0,9,104.85333333333334,9.546666666666667,9,0,NaN
06:51:46,L10009,427.63,3,"L10009_2,L10009_1,L10009_0",0.0,10,105.60333333333334,9.516666666666666,10,0,NaN
06:51:48,L10009,427.63,3,"L10009_2,L10009_1,L10009_0",0.0,10,107.98333333333333,9.903333333333334,10,0,NaN
06:51:50,L10009,427.63,3,"L10009_2,L10009_1,L10009_0",0.0,10,119.16333333333334,9.903333333333334,10,0,NaN
06:51:52,L10009,427.63,3,"L10009_2,L10009_1,L10009_0",0.0,10,117.94,9.786666666666667,10,0,NaN
06:51:54,L10009,427.63,3,"L10009_2,L10009_1,L10009_0",0.0,10,113.22333333333334,9.903333333333334,10,0,NaN
06:51:56,L10009,427.63,3,"L10009_2,L10009_1,L10009_0",0.0,10,116.63333333333334,9.450000000000001,10,0,NaN
06:51:58,L10009,427.63,3,"L10009_2,L10009_1,L10009_0",0.0,9,105.09333333333335,9.413333333333334,9,0,NaN
06:52:00,L10009,427.63,3,"L10009_2,L10009_1,L10009_0",0.0,9,90.96666666666668,9.003333333333332,9,0,NaN
06:52:02,L10009,427.63,3,"L10009_2,L10009_1,L10009_0",0.0,9,100.17999999999999,9.396666666666667,9,0,NaN
06:52:04,L10009,427.63,3,"L10009_2,L10009_1,L10009_0",0.0,9,104.78000000000002,9.083333333333334,9,0,NaN
06:52:06,L10009,427.63,3,"L10009_2,L10009_1,L10009_0",0.0,9,98.54666666666668,8.933333333333332,9,0,NaN
06:52:08,L10009,427.63,3,"L10009_2,L10009_1,L10009_0",0.0,9,100.24333333333334,8.22,9,0,NaN
06:52:10,L10009,427.63,3,"L10009_2,L10009_1,L10009_0",0.0,9,102.06333333333333,8.436666666666666,9,0,NaN
06:52:12,L10009,427.63,3,"L10009_2,L10009_1,L10009_0",0.0,9,93.72000000000001,8.64,9,0,NaN
06:52:14,L10009,427.63,3,"L10009_2,L10009_1,L10009_0",0.0,9,95.52,8.643333333333333,9,0,NaN
06:52:16,L10009,427.63,3,"L10009_2,L10009_1,L10009_0",0.0,9,100.10000000000001,8.45,9,0,NaN
06:52:18,L10009,427.63,3,"L10009_2,L10009_1,L10009_0",0.0,8,82.74666666666667,8.166666666666666,8,0,NaN
06:52:20,L10009,427.63,3,"L10009_2,L10009_1,L10009_0",0.0,8,86.63333333333333,8.143333333333333,8,0,NaN
06:52:22,L10009,427.63,3,"L10009_2,L10009_1,L10009_0",0.77,8,83.48,8.353333333333333,8,0,NaN
06:52:24,L10009,427.63,3,"L10009_2,L10009_1,L10009_0",0.0,8,91.01333333333332,8.283333333333333,8,0,NaN
06:52:26,L10009,427.63,3,"L10009_2,L10009_1,L10009_0",0.0,9,92.87333333333333,8.463333333333333,9,0,NaN
06:52:28,L10009,427.63,3,"L10009_2,L10009_1,L10009_0",0.0,9,98.63,8.67,9,0,NaN
06:52:30,L10009,427.63,3,"L10009_2,L10009_1,L10009_0",0.0,9,102.11333333333334,8.643333333333333,9,0,NaN
06:52:32,L10009,427.63,3,"L10009_2,L10009_1,L10009_0",0.0,9,103.00999999999999,8.683333333333334,9,0,NaN
06:52:34,L10009,427.63,3,"L10009_2,L10009_1,L10009_0",0.0,9,107.01,8.89,9,0,NaN
06:52:36,L10009,427.63,3,"L10009_2,L10009_1,L10009_0",0.0,9,99.52333333333333,9.183333333333332,9,0,NaN
06:52:38,L10009,427.63,3,"L10009_2,L10009_1,L10009_0",0.0,9,105.31666666666666,9.003333333333332,9,0,NaN
06:52:40,L10009,427.63,3,"L10009_2,L10009_1,L10009_0",0.0,9,101.87666666666665,9.183333333333332,9,0,NaN
06:52:42,L10009,427.63,3,"L10009_2,L10009_1,L10009_0",0.0,9,108.31666666666668,9.573333333333332,9,0,NaN
06:52:44,L10009,427.63,3,"L10009_2,L10009_1,L10009_0",0.0,9,100.83333333333333,9.003333333333332,9,0,NaN
06:52:46,L10009,427.63,3,"L10009_2,L10009_1,L10009_0",0.0,9,100.69666666666666,9.11,9,0,NaN
06:52:48,L10009,427.63,3,"L10009_2,L10009_1,L10009_0",0.0,9,91.57333333333334,9.013333333333334,9,0,NaN
06:52:50,L10009,427.63,3,"L10009_2,L10009_1,L10009_0",0.0,9,96.27666666666666,9.346666666666666,9,0,NaN
06:52:52,L10009,427.63,3,"L10009_2,L10009_1,L10009_0",0.0,9,91.05333333333333,8.996666666666668,9,0,NaN
06:52:54,L10009,427.63,3,"L10009_2,L10009_1,L10009_0",0.0,9,99.36333333333333,9.536666666666667,9,0,NaN
06:52:56,L10009,427.63,3,"L10009_2,L10009_1,L10009_0",0.0,10,105.84000000000002,9.823333333333332,10,0,NaN
06:52:58,L10009,427.63,3,"L10009_2,L10009_1,L10009_0",0.0,10,106.75333333333334,10.35,10,0,NaN
06:53:00,L10009,427.63,3,"L10009_2,L10009_1,L10009_0",0.0,11,110.46,11.123333333333333,11,0,NaN
06:53:02,L10009,427.63,3,"L10009_2,L10009_1,L10009_0",0.0,11,105.62333333333333,11.31,11,0,NaN
06:53:04,L10009,427.63,3,"L10009_2,L10009_1,L10009_0",0.0,11,109.53333333333335,11.356666666666667,11,0,NaN
06:53:06,L10009,427.63,3,"L10009_2,L10009_1,L10009_0",0.0,11,114.86,11.543333333333331,11,0,NaN
06:53:08,L10009,427.63,3,"L10009_2,L10009_1,L10009_0",1.39,11,107.40666666666668,11.523333333333333,11,0,NaN
06:53:10,L10009,427.63,3,"L10009_2,L10009_1,L10009_0",0.0,11,111.05666666666667,11.343333333333334,11,0,NaN
06:53:12,L10009,427.63,3,"L10009_2,L10009_1,L10009_0",0.0,11,122.32333333333332,10.976666666666667,11,0,NaN
06:53:14,L10009,427.63,3,"L10009_2,L10009_1,L10009_0",0.0,11,120.31,10.799999999999999,11,0,NaN
06:53:16,L10009,427.63,3,"L10009_2,L10009_1,L10009_0",0.0,10,118.64666666666665,10.48,10,0,NaN
06:53:18,L10009,427.63,3,"L10009_2,L10009_1,L10009_0",0.0,11,122.07333333333334,10.203333333333333,11,0,NaN
06:53:20,L10009,427.63,3,"L10009_2,L10009_1,L10009_0",0.0,10,115.41666666666667,10.386666666666668,10,0,NaN
06:53:22,L10009,427.63,3,"L10009_2,L10009_1,L10009_0",0.0,10,117.09666666666668,10.263333333333334,10,0,NaN
06:53:24,L10009,427.63,3,"L10009_2,L10009_1,L10009_0",0.0,10,106.5,9.963333333333333,10,0,NaN
06:53:26,L10009,427.63,3,"L10009_2,L10009_1,L10009_0",0.77,10,103.91666666666667,10.263333333333334,10,0,NaN
06:53:28,L10009,427.63,3,"L10009_2,L10009_1,L10009_0",0.0,10,97.77333333333333,10.323333333333332,10,0,NaN
06:53:30,L10009,427.63,3,"L10009_2,L10009_1,L10009_0",0.0,10,101.97333333333334,10.223333333333334,10,0,NaN
06:53:32,L10009,427.63,3,"L10009_2,L10009_1,L10009_0",0.0,11,104.52666666666666,10.253333333333334,11,0,NaN
06:53:34,L10009,427.63,3,"L10009_2,L10009_1,L10009_0",0.0,10,100.88333333333333,10.036666666666667,10,0,NaN
06:53:36,L10009,427.63,3,"L10009_2,L10009_1,L10009_0",0.0,10,91.33333333333333,9.986666666666666,10,0,NaN
06:53:38,L10009,427.63,3,"L10009_2,L10009_1,L10009_0",1.38,10,89.10333333333334,10.076666666666666,10,0,NaN
06:53:40,L10009,427.63,3,"L10009_2,L10009_1,L10009_0",0.0,10,99.05,9.866666666666667,10,0,NaN
06:53:42,L10009,427.63,3,"L10009_2,L10009_1,L10009_0",0.0,10,96.61000000000001,9.75,10,0,NaN
06:53:44,L10009,427.63,3,"L10009_2,L10009_1,L10009_0",0.0,10,95.81,9.616666666666665,10,0,NaN
06:53:46,L10009,427.63,3,"L10009_2,L10009_1,L10009_0",0.0,10,97.40000000000002,9.4,10,0,NaN
06:53:48,L10009,427.63,3,"L10009_2,L10009_1,L10009_0",0.0,10,104.57,9.716666666666667,10,0,NaN
06:53:50,L10009,427.63,3,"L10009_2,L10009_1,L10009_0",0.0,10,101.63666666666666,9.496666666666668,10,0,NaN
06:53:52,L10009,427.63,3,"L10009_2,L10009_1,L10009_0",0.0,10,101.14666666666666,9.836666666666668,10,0,NaN
06:53:54,L10009,427.63,3,"L10009_2,L10009_1,L10009_0",0.0,9,93.27333333333335,9.723333333333334,9,0,NaN
06:53:56,L10009,427.63,3,"L10009_2,L10009_1,L10009_0",1.54,10,92.67999999999999,10.076666666666666,10,0,NaN
06:53:58,L10009,427.63,3,"L10009_2,L10009_1,L10009_0",0.77,10,90.72666666666667,10.01,10,0,NaN
06:54:00,L10009,427.63,3,"L10009_2,L10009_1,L10009_0",0.0,10,90.02666666666669,10.12,10,0,NaN
06:54:02,L10009,427.63,3,"L10009_2,L10009_1,L10009_0",0.0,11,107.06333333333333,10.61,11,0,NaN
06:54:04,L10009,427.63,3,"L10009_2,L10009_1,L10009_0",0.0,12,114.49333333333334,11.113333333333332,12,0,NaN
06:54:06,L10009,427.63,3,"L10009_2,L10009_1,L10009_0",0.0,11,106.31,11.163333333333332,11,0,NaN
06:54:08,L10009,427.63,3,"L10009_2,L10009_1,L10009_0",0.5833333333333334,11,107.98666666666668,10.763333333333334,11,0,NaN
06:54:10,L10009,427.63,3,"L10009_2,L10009_1,L10009_0",0.0,11,113.44666666666667,10.973333333333334,11,0,NaN
06:54:12,L10009,427.63,3,"L10009_2,L10009_1,L10009_0",0.6033333333333334,11,104.71999999999998,10.856666666666667,11,0,NaN
06:54:14,L10009,427.63,3,"L10009_2,L10009_1,L10009_0",0.77,10,100.59666666666668,10.766666666666666,10,0,NaN
06:54:16,L10009,427.63,3,"L10009_2,L10009_1,L10009_0",0.0,10,101.92666666666666,10.113333333333333,10,0,NaN
06:54:18,L10009,427.63,3,"L10009_2,L10009_1,L10009_0",0.0,10,98.73666666666668,10.263333333333334,10,0,NaN
06:54:20,L10009,427.63,3,"L10009_2,L10009_1,L10009_0",0.0,10,99.61666666666666,10.106666666666667,10,0,NaN
06:54:22,L10009,427.63,3,"L10009_2,L10009_1,L10009_0",0.0,10,100.72333333333334,9.930000000000001,10,0,NaN
06:54:24,L10009,427.63,3,"L10009_2,L10009_1,L10009_0",0.0,10,103.05000000000001,9.709999999999999,10,0,NaN
06:54:26,L10009,427.63,3,"L10009_2,L10009_1,L10009_0",0.0,10,104.98333333333333,9.553333333333335,10,0,NaN
06:54:28,L10009,427.63,3,"L10009_2,L10009_1,L10009_0",0.6266666666666666,11,111.91333333333334,10.540000000000001,11,0,NaN
06:54:30,L10009,427.63,3,"L10009_2,L10009_1,L10009_0",0.0,11,111.51,10.546666666666667,11,0,NaN
06:54:32,L10009,427.63,3,"L10009_2,L10009_1,L10009_0",0.0,11,105.47333333333334,10.670000000000002,11,0,NaN
06:54:34,L10009,427.63,3,"L10009_2,L10009_1,L10009_0",0.0,10,101.01333333333334,10.42,10,0,NaN
06:54:36,L10009,427.63,3,"L10009_2,L10009_1,L10009_0",0.0,10,105.18999999999998,10.263333333333334,10,0,NaN
06:54:38,L10009,427.63,3,"L10009_2,L10009_1,L10009_0",0.0,10,107.20333333333333,10.003333333333332,10,0,NaN
06:54:40,L10009,427.63,3,"L10009_2,L10009_1,L10009_0",0.0,10,102.22666666666665,9.826666666666668,10,0,NaN
06:54:42,L10009,427.63,3,"L10009_2,L10009_1,L10009_0",0.0,9,93.46999999999998,9.410000000000002,9,0,NaN
06:54:44,L10009,427.63,3,"L10009_2,L10009_1,L10009_0",0.0,10,97.54,9.833333333333334,10,0,NaN
06:54:46,L10009,427.63,3,"L10009_2,L10009_1,L10009_0",0.0,10,98.69,9.823333333333332,10,0,NaN
06:54:48,L10009,427.63,3,"L10009_2,L10009_1,L10009_0",0.5766666666666667,10,96.85666666666667,9.683333333333332,10,0,NaN
06:54:50,L10009,427.63,3,"L10009_2,L10009_1,L10009_0",1.54,9,89.46999999999998,9.163333333333334,9,0,NaN
06:54:52,L10009,427.63,3,"L10009_2,L10009_1,L10009_0",0.0,9,92.06666666666666,8.833333333333334,9,0,NaN
06:54:54,L10009,427.63,3,"L10009_2,L10009_1,L10009_0",0.0,9,102.36,8.726666666666668,9,0,NaN
06:54:56,L10009,427.63,3,"L10009_2,L10009_1,L10009_0",0.0,9,92.3,8.673333333333334,9,0,NaN
06:54:58,L10009,427.63,3,"L10009_2,L10009_1,L10009_0",0.0,9,96.81,8.479999999999999,9,0,NaN
06:55:00,L10009,427.63,3,"L10009_2,L10009_1,L10009_0",0.0,8,95.34666666666668,8.183333333333334,8,0,NaN
06:55:02,L10009,427.63,3,"L10009_2,L10009_1,L10009_0",0.0,8,89.79666666666667,7.563333333333333,8,0,NaN
06:55:04,L10009,427.63,3,"L10009_2,L10009_1,L10009_0",0.0,8,94.31,7.5633333333333335,8,0,NaN
06:55:06,L10009,427.63,3,"L10009_2,L10009_1,L10009_0",0.0,8,91.01666666666667,7.736666666666667,8,0,NaN
06:55:08,L10009,427.63,3,"L10009_2,L10009_1,L10009_0",0.0,8,94.38999999999999,7.866666666666667,8,0,NaN
06:55:10,L10009,427.63,3,"L10009_2,L10009_1,L10009_0",0.0,8,93.41333333333334,7.746666666666666,8,0,NaN
06:55:12,L10009,427.63,3,"L10009_2,L10009_1,L10009_0",0.0,8,80.91,8.003333333333334,8,0,NaN
06:55:14,L10009,427.63,3,"L10009_2,L10009_1,L10009_0",0.0,8,88.02999999999999,8.183333333333334,8,0,NaN
06:55:16,L10009,427.63,3,"L10009_2,L10009_1,L10009_0",0.0,8,86.54,8.093333333333332,8,0,NaN
06:55:18,L10009,427.63,3,"L10009_2,L10009_1,L10009_0",0.0,8,92.16333333333331,8.4,8,0,NaN
06:55:20,L10009,427.63,3,"L10009_2,L10009_1,L10009_0",0.0,9,90.33999999999999,8.973333333333334,9,0,NaN
06:55:22,L10009,427.63,3,"L10009_2,L10009_1,L10009_0",0.77,9,98.94666666666667,9.003333333333334,9,0,NaN
06:55:24,L10009,427.63,3,"L10009_2,L10009_1,L10009_0",0.0,9,96.51666666666667,9.216666666666667,9,0,NaN
06:55:26,L10009,427.63,3,"L10009_2,L10009_1,L10009_0",0.0,9,101.79333333333334,9.213333333333333,9,0,NaN
06:55:28,L10009,427.63,3,"L10009_2,L10009_1,L10009_0",0.0,9,99.05333333333333,9.183333333333334,9,0,NaN
06:55:30,L10009,427.63,3,"L10009_2,L10009_1,L10009_0",0.0,9,98.28666666666668,9.173333333333334,9,0,NaN
06:55:32,L10009,427.63,3,"L10009_2,L10009_1,L10009_0",0.0,9,97.63333333333333,8.966666666666667,9,0,NaN
06:55:34,L10009,427.63,3,"L10009_2,L10009_1,L10009_0",0.0,10,99.56333333333333,9.306666666666667,10,0,NaN
06:55:36,L10009,427.63,3,"L10009_2,L10009_1,L10009_0",0.0,9,90.09000000000002,9.163333333333334,9,0,NaN
06:55:38,L10009,427.63,3,"L10009_2,L10009_1,L10009_0",0.0,9,94.41333333333331,8.846666666666666,9,0,NaN
06:55:40,L10009,427.63,3,"L10009_2,L10009_1,L10009_0",0.0,9,88.36333333333334,8.306666666666667,9,0,NaN
06:55:42,L10009,427.63,3,"L10009_2,L10009_1,L10009_0",0.77,8,77.43666666666665,8.46,8,0,NaN
06:55:44,L10009,427.63,3,"L10009_2,L10009_1,L10009_0",0.77,9,81.30333333333333,8.816666666666668,9,0,NaN
06:55:46,L10009,427.63,3,"L10009_2,L10009_1,L10009_0",0.0,9,88.59666666666665,9.296666666666667,9,0,NaN
06:55:48,L10009,427.63,3,"L10009_2,L10009_1,L10009_0",0.77,8,84.80666666666667,8.643333333333333,8,0,NaN
06:55:50,L10009,427.63,3,"L10009_2,L10009_1,L10009_0",0.0,9,88.21,8.506666666666668,9,0,NaN
06:55:52,L10009,427.63,3,"L10009_2,L10009_1,L10009_0",0.0,8,84.93,8.38,8,0,NaN
06:55:54,L10009,427.63,3,"L10009_2,L10009_1,L10009_0",0.5766666666666667,9,83.27333333333333,8.763333333333334,9,0,NaN
06:55:56,L10009,427.63,3,"L10009_2,L10009_1,L10009_0",0.77,9,81.84666666666665,9.273333333333333,9,0,NaN
06:55:58,L10009,427.63,3,"L10009_2,L10009_1,L10009_0",0.0,9,78.94,8.856666666666667,9,0,NaN
06:56:00,L10009,427.63,3,"L10009_2,L10009_1,L10009_0",1.54,9,76.04,8.973333333333333,9,0,NaN
06:56:02,L10009,427.63,3,"L10009_2,L10009_1,L10009_0",0.0,9,79.49333333333334,8.966666666666667,9,0,NaN
06:56:04,L10009,427.63,3,"L10009_2,L10009_1,L10009_0",0.0,9,75.84,9.016666666666667,9,0,NaN
06:56:06,L10009,427.63,3,"L10009_2,L10009_1,L10009_0",0.0,8,76.91666666666667,8.426666666666668,8,0,NaN
06:56:08,L10009,427.63,3,"L10009_2,L10009_1,L10009_0",0.0,9,81.29666666666667,8.383333333333333,9,0,NaN
06:56:10,L10009,427.63,3,"L10009_2,L10009_1,L10009_0",0.77,9,80.31666666666668,9.043333333333335,9,0,NaN
06:56:12,L10009,427.63,3,"L10009_2,L10009_1,L10009_0",0.64,9,84.27,8.756666666666668,9,0,NaN
06:56:14,L10009,427.63,3,"L10009_2,L10009_1,L10009_0",0.0,9,83.58666666666666,8.909999999999998,9,0,NaN
06:56:16,L10009,427.63,3,"L10009_2,L10009_1,L10009_0",2.7399999999999998,9,79.27333333333334,8.876666666666667,9,0,NaN
06:56:18,L10009,427.63,3,"L10009_2,L10009_1,L10009_0",0.0,9,87.25666666666667,8.413333333333334,9,0,NaN
06:56:20,L10009,427.63,3,"L10009_2,L10009_1,L10009_0",0.0,8,86.86000000000001,8.026666666666667,8,0,NaN
06:56:22,L10009,427.63,3,"L10009_2,L10009_1,L10009_0",0.0,7,82.49666666666667,7.38,7,0,NaN
06:56:24,L10009,427.63,3,"L10009_2,L10009_1,L10009_0",0.0,8,92.43666666666667,7.383333333333333,8,0,NaN
06:56:26,L10009,427.63,3,"L10009_2,L10009_1,L10009_0",0.0,7,82.02,7.203333333333333,7,0,NaN
06:56:28,L10009,427.63,3,"L10009_2,L10009_1,L10009_0",0.0,7,86.19333333333333,7.413333333333334,7,0,NaN
06:56:30,L10009,427.63,3,"L10009_2,L10009_1,L10009_0",0.0,7,86.71666666666665,7.383333333333333,7,0,NaN
06:56:32,L10009,427.63,3,"L10009_2,L10009_1,L10009_0",0.0,7,86.89,7.466666666666666,7,0,NaN
06:56:34,L10009,427.63,3,"L10009_2,L10009_1,L10009_0",0.0,7,82.45,7.553333333333335,7,0,NaN
06:56:36,L10009,427.63,3,"L10009_2,L10009_1,L10009_0",0.0,7,85.70666666666666,7.390000000000001,7,0,NaN
06:56:38,L10009,427.63,3,"L10009_2,L10009_1,L10009_0",0.0,7,86.32,6.996666666666667,7,0,NaN
06:56:40,L10009,427.63,3,"L10009_2,L10009_1,L10009_0",0.0,6,74.48,6.483333333333334,6,0,NaN
06:56:42,L10009,427.63,3,"L10009_2,L10009_1,L10009_0",0.0,7,82.42,6.196666666666666,7,0,NaN
06:56:44,L10009,427.63,3,"L10009_2,L10009_1,L10009_0",0.0,6,72.46666666666665,6.5200000000000005,6,0,NaN
06:56:46,L10009,427.63,3,"L10009_2,L10009_1,L10009_0",0.0,7,69.58666666666667,6.663333333333333,7,0,NaN
06:56:48,L10009,427.63,3,"L10009_2,L10009_1,L10009_0",0.0,7,73.90333333333335,7.033333333333334,7,0,NaN
06:56:50,L10009,427.63,3,"L10009_2,L10009_1,L10009_0",0.0,7,73.45666666666666,6.786666666666668,7,0,NaN
06:56:52,L10009,427.63,3,"L10009_2,L10009_1,L10009_0",0.0,7,77.49,6.563333333333333,7,0,NaN
06:56:54,L10009,427.63,3,"L10009_2,L10009_1,L10009_0",0.0,7,71.76,6.530000000000001,7,0,NaN
06:56:56,L10009,427.63,3,"L10009_2,L10009_1,L10009_0",0.0,7,71.39,6.503333333333333,7,0,NaN
06:56:58,L10009,427.63,3,"L10009_2,L10009_1,L10009_0",0.0,7,77.75666666666667,7.023333333333333,7,0,NaN
06:57:00,L10009,427.63,3,"L10009_2,L10009_1,L10009_0",0.5933333333333334,7,74.20666666666666,7.52,7,0,NaN
06:57:02,L10009,427.63,3,"L10009_2,L10009_1,L10009_0",0.0,8,81.50666666666666,7.983333333333333,8,0,NaN
06:57:04,L10009,427.63,3,"L10009_2,L10009_1,L10009_0",0.0,9,90.38000000000001,8.533333333333333,9,0,NaN
06:57:06,L10009,427.63,3,"L10009_2,L10009_1,L10009_0",0.0,8,89.78666666666668,8.17,8,0,NaN
06:57:08,L10009,427.63,3,"L10009_2,L10009_1,L10009_0",0.77,9,92.53666666666665,8.263333333333334,9,0,NaN
06:57:10,L10009,427.63,3,"L10009_2,L10009_1,L10009_0",0.0,9,92.67666666666668,8.713333333333333,9,0,NaN
06:57:12,L10009,427.63,3,"L10009_2,L10009_1,L10009_0",0.6699999999999999,9,98.73,9.576666666666666,9,0,NaN
06:57:14,L10009,427.63,3,"L10009_2,L10009_1,L10009_0",0.0,9,97.27333333333333,9.476666666666667,9,0,NaN
06:57:16,L10009,427.63,3,"L10009_2,L10009_1,L10009_0",0.0,9,98.18333333333334,9.246666666666668,9,0,NaN
06:57:18,L10009,427.63,3,"L10009_2,L10009_1,L10009_0",0.0,9,95.02666666666666,9.036666666666667,9,0,NaN
06:57:20,L10009,427.63,3,"L10009_2,L10009_1,L10009_0",0.0,9,95.17333333333333,8.596666666666666,9,0,NaN
06:57:22,L10009,427.63,3,"L10009_2,L10009_1,L10009_0",0.0,8,87.63666666666667,8.166666666666666,8,0,NaN
06:57:24,L10009,427.63,3,"L10009_2,L10009_1,L10009_0",0.0,8,87.02666666666666,8.283333333333333,8,0,NaN
06:57:26,L10009,427.63,3,"L10009_2,L10009_1,L10009_0",0.0,9,96.67999999999999,8.423333333333334,9,0,NaN
06:57:28,L10009,427.63,3,"L10009_2,L10009_1,L10009_0",0.0,8,94.31666666666666,8.823333333333332,8,0,NaN
06:57:30,L10009,427.63,3,"L10009_2,L10009_1,L10009_0",0.0,9,100.8,9.073333333333332,9,0,NaN
06:57:32,L10009,427.63,3,"L10009_2,L10009_1,L10009_0",0.0,9,98.79,9.183333333333332,9,0,NaN
06:57:34,L10009,427.63,3,"L10009_2,L10009_1,L10009_0",0.0,9,98.89,8.846666666666666,9,0,NaN
06:57:36,L10009,427.63,3,"L10009_2,L10009_1,L10009_0",0.0,9,103.41000000000001,8.823333333333332,9,0,NaN
06:57:38,L10009,427.63,3,"L10009_2,L10009_1,L10009_0",0.0,9,103.84666666666668,9.183333333333334,9,0,NaN
06:57:40,L10009,427.63,3,"L10009_2,L10009_1,L10009_0",0.0,9,109.17333333333333,8.933333333333332,9,0,NaN
06:57:42,L10009,427.63,3,"L10009_2,L10009_1,L10009_0",0.0,9,103.02333333333333,8.643333333333333,9,0,NaN
06:57:44,L10009,427.63,3,"L10009_2,L10009_1,L10009_0",0.0,8,99.02666666666666,8.643333333333333,8,0,NaN
06:57:46,L10009,427.63,3,"L10009_2,L10009_1,L10009_0",0.0,8,90.88666666666666,8.316666666666668,8,0,NaN
06:57:48,L10009,427.63,3,"L10009_2,L10009_1,L10009_0",0.0,8,87.21,7.786666666666666,8,0,NaN
06:57:50,L10009,427.63,3,"L10009_2,L10009_1,L10009_0",0.0,8,89.87333333333333,7.923333333333333,8,0,NaN
06:57:52,L10009,427.63,3,"L10009_2,L10009_1,L10009_0",0.0,8,89.93666666666667,7.716666666666666,8,0,NaN
06:57:54,L10009,427.63,3,"L10009_2,L10009_1,L10009_0",0.0,8,93.60333333333331,8.283333333333333,8,0,NaN
06:57:56,L10009,427.63,3,"L10009_2,L10009_1,L10009_0",0.0,8,99.41666666666667,8.283333333333333,8,0,NaN
06:57:58,L10009,427.63,3,"L10009_2,L10009_1,L10009_0",0.0,8,95.04,8.636666666666667,8,0,NaN
06:58:00,L10009,427.63,3,"L10009_2,L10009_1,L10009_0",0.0,9,106.11,8.586666666666668,9,0,NaN
06:58:02,L10009,427.63,3,"L10009_2,L10009_1,L10009_0",0.0,8,96.33333333333333,8.290000000000001,8,0,NaN
06:58:04,L10009,427.63,3,"L10009_2,L10009_1,L10009_0",0.0,9,90.14,8.283333333333333,9,0,NaN
06:58:06,L10009,427.63,3,"L10009_2,L10009_1,L10009_0",0.0,8,84.24666666666667,8.336666666666668,8,0,NaN
06:58:08,L10009,427.63,3,"L10009_2,L10009_1,L10009_0",0.0,8,88.96,7.8933333333333335,8,0,NaN
06:58:10,L10009,427.63,3,"L10009_2,L10009_1,L10009_0",0.0,7,83.86,7.603333333333334,7,0,NaN
06:58:12,L10009,427.63,3,"L10009_2,L10009_1,L10009_0",0.0,8,81.3,7.923333333333333,8,0,NaN
06:58:14,L10009,427.63,3,"L10009_2,L10009_1,L10009_0",0.0,9,91.96666666666665,8.06,9,0,NaN
06:58:16,L10009,427.63,3,"L10009_2,L10009_1,L10009_0",0.6433333333333333,8,80.48333333333332,7.603333333333332,8,0,NaN
06:58:18,L10009,427.63,3,"L10009_2,L10009_1,L10009_0",0.0,8,84.47,7.789999999999999,8,0,NaN
06:58:20,L10009,427.63,3,"L10009_2,L10009_1,L10009_0",0.0,8,90.0,8.103333333333333,8,0,NaN
06:58:22,L10009,427.63,3,"L10009_2,L10009_1,L10009_0",0.0,8,85.66333333333334,7.716666666666668,8,0,NaN
06:58:24,L10009,427.63,3,"L10009_2,L10009_1,L10009_0",0.0,7,77.05,7.669999999999999,7,0,NaN
06:58:26,L10009,427.63,3,"L10009_2,L10009_1,L10009_0",0.0,9,94.72666666666667,8.746666666666668,9,0,NaN
06:58:28,L10009,427.63,3,"L10009_2,L10009_1,L10009_0",0.0,10,102.74333333333334,9.066666666666668,10,0,NaN
06:58:30,L10009,427.63,3,"L10009_2,L10009_1,L10009_0",0.0,9,92.48000000000002,9.280000000000001,9,0,NaN
06:58:32,L10009,427.63,3,"L10009_2,L10009_1,L10009_0",0.0,9,98.01333333333332,8.673333333333334,9,0,NaN
06:58:34,L10009,427.63,3,"L10009_2,L10009_1,L10009_0",0.0,9,98.68,8.463333333333333,9,0,NaN
06:58:36,L10009,427.63,3,"L10009_2,L10009_1,L10009_0",0.0,9,93.19,8.653333333333334,9,0,NaN
06:58:38,L10009,427.63,3,"L10009_2,L10009_1,L10009_0",0.0,9,88.64333333333333,8.683333333333332,9,0,NaN
06:58:40,L10009,427.63,3,"L10009_2,L10009_1,L10009_0",1.3533333333333335,9,85.29333333333334,9.453333333333333,9,0,NaN
06:58:42,L10009,427.63,3,"L10009_2,L10009_1,L10009_0",0.77,10,90.33999999999999,9.299999999999999,10,0,NaN
06:58:44,L10009,427.63,3,"L10009_2,L10009_1,L10009_0",0.0,10,89.97333333333334,9.85,10,0,NaN
06:58:46,L10009,427.63,3,"L10009_2,L10009_1,L10009_0",0.77,10,96.74000000000001,10.446666666666667,10,0,NaN
06:58:48,L10009,427.63,3,"L10009_2,L10009_1,L10009_0",0.0,10,100.41666666666667,10.549999999999999,10,0,NaN
06:58:50,L10009,427.63,3,"L10009_2,L10009_1,L10009_0",0.0,11,107.82333333333334,10.436666666666666,11,0,NaN
06:58:52,L10009,427.63,3,"L10009_2,L10009_1,L10009_0",0.0,10,103.39,10.620000000000001,10,0,NaN
06:58:54,L10009,427.63,3,"L10009_2,L10009_1,L10009_0",0.0,10,97.84999999999998,10.376666666666667,10,0,NaN
06:58:56,L10009,427.63,3,"L10009_2,L10009_1,L10009_0",0.0,10,94.22666666666667,10.253333333333334,10,0,NaN
06:58:58,L10009,427.63,3,"L10009_2,L10009_1,L10009_0",0.77,10,81.96,10.39,10,0,NaN
06:59:00,L10009,427.63,3,"L10009_2,L10009_1,L10009_0",1.28,11,85.18,10.326666666666666,11,0,NaN
06:59:02,L10009,427.63,3,"L10009_2,L10009_1,L10009_0",0.0,10,88.42666666666666,10.006666666666666,10,0,NaN
06:59:04,L10009,427.63,3,"L10009_2,L10009_1,L10009_0",0.0,10,86.95,10.046666666666667,10,0,NaN
06:59:06,L10009,427.63,3,"L10009_2,L10009_1,L10009_0",1.54,10,89.92,10.443333333333333,10,0,NaN
06:59:08,L10009,427.63,3,"L10009_2,L10009_1,L10009_0",0.0,10,94.51333333333332,10.523333333333333,10,0,NaN
06:59:10,L10009,427.63,3,"L10009_2,L10009_1,L10009_0",0.77,11,97.85333333333334,11.266666666666666,11,0,NaN
06:59:12,L10009,427.63,3,"L10009_2,L10009_1,L10009_0",0.6266666666666666,11,99.46666666666668,11.023333333333333,11,0,NaN
06:59:14,L10009,427.63,3,"L10009_2,L10009_1,L10009_0",0.77,11,102.96666666666665,11.163333333333334,11,0,NaN
06:59:16,L10009,427.63,3,"L10009_2,L10009_1,L10009_0",0.0,10,93.42,10.4,10,0,NaN
06:59:18,L10009,427.63,3,"L10009_2,L10009_1,L10009_0",0.0,10,92.92,10.083333333333334,10,0,NaN
06:59:20,L10009,427.63,3,"L10009_2,L10009_1,L10009_0",0.0,10,93.23333333333335,9.613333333333335,10,0,NaN
06:59:22,L10009,427.63,3,"L10009_2,L10009_1,L10009_0",0.0,9,88.51,9.456666666666665,9,0,NaN
06:59:24,L10009,427.63,3,"L10009_2,L10009_1,L10009_0",0.0,9,90.96,9.306666666666667,9,0,NaN
06:59:26,L10009,427.63,3,"L10009_2,L10009_1,L10009_0",0.0,9,83.21333333333332,8.903333333333334,9,0,NaN
06:59:28,L10009,427.63,3,"L10009_2,L10009_1,L10009_0",0.0,9,89.07333333333332,8.663333333333334,9,0,NaN
06:59:30,L10009,427.63,3,"L10009_2,L10009_1,L10009_0",0.0,9,84.39333333333333,8.69,9,0,NaN
06:59:32,L10009,427.63,3,"L10009_2,L10009_1,L10009_0",0.77,9,78.61333333333333,8.953333333333333,9,0,NaN
06:59:34,L10009,427.63,3,"L10009_2,L10009_1,L10009_0",0.77,9,72.86999999999999,9.046666666666667,9,0,NaN
06:59:36,L10009,427.63,3,"L10009_2,L10009_1,L10009_0",2.123333333333333,9,66.89,8.883333333333333,9,0,NaN
06:59:38,L10009,427.63,3,"L10009_2,L10009_1,L10009_0",0.0,8,62.47,8.103333333333333,8,0,NaN
06:59:40,L10009,427.63,3,"L10009_2,L10009_1,L10009_0",0.0,9,73.53666666666668,9.303333333333333,9,0,NaN
06:59:42,L10009,427.63,3,"L10009_2,L10009_1,L10009_0",1.3766666666666667,9,76.26333333333334,8.926666666666668,9,0,NaN
06:59:44,L10009,427.63,3,"L10009_2,L10009_1,L10009_0",0.0,9,84.82,8.423333333333334,9,0,NaN
06:59:46,L10009,427.63,3,"L10009_2,L10009_1,L10009_0",0.0,8,85.47333333333334,8.023333333333333,8,0,NaN
06:59:48,L10009,427.63,3,"L10009_2,L10009_1,L10009_0",0.0,8,85.85666666666667,7.9433333333333325,8,0,NaN
06:59:50,L10009,427.63,3,"L10009_2,L10009_1,L10009_0",0.0,7,78.12333333333333,7.890000000000001,7,0,NaN
06:59:52,L10009,427.63,3,"L10009_2,L10009_1,L10009_0",0.0,8,84.86333333333333,8.36,8,0,NaN
06:59:54,L10009,427.63,3,"L10009_2,L10009_1,L10009_0",0.6466666666666666,9,86.99,8.663333333333332,9,0,NaN
06:59:56,L10009,427.63,3,"L10009_2,L10009_1,L10009_0",1.54,9,93.90999999999998,8.770000000000001,9,0,NaN
06:59:58,L10009,427.63,3,"L10009_2,L10009_1,L10009_0",0.5599999999999999,10,101.21666666666665,9.06,10,0,NaN
07:00:00,L10009,427.63,3,"L10009_2,L10009_1,L10009_0",0.77,9,95.49,9.186666666666666,9,0,NaN
07:00:02,L10009,427.63,3,"L10009_2,L10009_1,L10009_0",0.0,9,97.85666666666664,8.576666666666666,9,0,NaN
07:00:04,L10009,427.63,3,"L10009_2,L10009_1,L10009_0",0.0,9,96.99,9.209999999999999,9,0,NaN
07:00:06,L10009,427.63,3,"L10009_2,L10009_1,L10009_0",0.0,9,97.38,8.966666666666667,9,0,NaN
07:00:08,L10009,427.63,3,"L10009_2,L10009_1,L10009_0",0.0,9,104.66000000000001,9.003333333333334,9,0,NaN
07:00:10,L10009,427.63,3,"L10009_2,L10009_1,L10009_0",0.0,9,108.06,8.846666666666666,9,0,NaN
07:00:12,L10009,427.63,3,"L10009_2,L10009_1,L10009_0",0.0,9,100.94,8.523333333333333,9,0,NaN
07:00:14,L10009,427.63,3,"L10009_2,L10009_1,L10009_0",0.0,8,96.5,8.31,8,0,NaN
07:00:16,L10009,427.63,3,"L10009_2,L10009_1,L10009_0",0.0,9,97.57000000000001,8.203333333333333,9,0,NaN
07:00:18,L10009,427.63,3,"L10009_2,L10009_1,L10009_0",0.0,8,94.70666666666666,8.463333333333333,8,0,NaN
07:00:20,L10009,427.63,3,"L10009_2,L10009_1,L10009_0",0.0,8,94.85666666666667,8.616666666666667,8,0,NaN
07:00:22,L10009,427.63,3,"L10009_2,L10009_1,L10009_0",0.0,9,99.09333333333332,8.776666666666666,9,0,NaN
07:00:24,L10009,427.63,3,"L10009_2,L10009_1,L10009_0",0.0,9,94.36000000000001,8.103333333333333,9,0,NaN
07:00:26,L10009,427.63,3,"L10009_2,L10009_1,L10009_0",0.0,9,95.61,8.536666666666667,9,0,NaN
07:00:28,L10009,427.63,3,"L10009_2,L10009_1,L10009_0",0.0,9,96.22666666666665,8.38,9,0,NaN
07:00:30,L10009,427.63,3,"L10009_2,L10009_1,L10009_0",0.0,8,92.98,9.003333333333332,8,0,NaN
07:00:32,L10009,427.63,3,"L10009_2,L10009_1,L10009_0",0.0,9,101.08,8.743333333333334,9,0,NaN
07:00:34,L10009,427.63,3,"L10009_2,L10009_1,L10009_0",0.0,9,102.59000000000002,8.973333333333334,9,0,NaN
07:00:36,L10009,427.63,3,"L10009_2,L10009_1,L10009_0",0.0,9,99.51333333333332,9.253333333333334,9,0,NaN
07:00:38,L10009,427.63,3,"L10009_2,L10009_1,L10009_0",0.0,9,104.02,9.25,9,0,NaN
07:00:40,L10009,427.63,3,"L10009_2,L10009_1,L10009_0",0.0,10,111.26666666666667,9.903333333333334,10,0,NaN
07:00:42,L10009,427.63,3,"L10009_2,L10009_1,L10009_0",0.0,10,112.69999999999999,9.543333333333333,10,0,NaN
07:00:44,L10009,427.63,3,"L10009_2,L10009_1,L10009_0",0.0,10,110.60333333333334,9.596666666666666,10,0,NaN
07:00:46,L10009,427.63,3,"L10009_2,L10009_1,L10009_0",0.0,10,104.67,9.663333333333332,10,0,NaN
07:00:48,L10009,427.63,3,"L10009_2,L10009_1,L10009_0",0.0,10,107.58,9.67,10,0,NaN
07:00:50,L10009,427.63,3,"L10009_2,L10009_1,L10009_0",0.0,10,104.28666666666668,9.806666666666667,10,0,NaN
07:00:52,L10009,427.63,3,"L10009_2,L10009_1,L10009_0",0.0,10,98.55666666666666,9.723333333333334,10,0,NaN
07:00:54,L10009,427.63,3,"L10009_2,L10009_1,L10009_0",0.0,10,98.17666666666666,10.013333333333334,10,0,NaN
07:00:56,L10009,427.63,3,"L10009_2,L10009_1,L10009_0",0.77,9,94.89666666666666,10.013333333333334,9,0,NaN
07:00:58,L10009,427.63,3,"L10009_2,L10009_1,L10009_0",0.77,10,100.18333333333334,10.263333333333334,10,0,NaN
07:01:00,L10009,427.63,3,"L10009_2,L10009_1,L10009_0",1.16,10,100.47666666666669,10.51,10,0,NaN
07:01:02,L10009,427.63,3,"L10009_2,L10009_1,L10009_0",0.77,10,105.14,10.540000000000001,10,0,NaN
07:01:04,L10009,427.63,3,"L10009_2,L10009_1,L10009_0",0.77,10,103.56,10.493333333333334,10,0,NaN
07:01:06,L10009,427.63,3,"L10009_2,L10009_1,L10009_0",0.0,10,97.89666666666666,9.979999999999999,10,0,NaN
07:01:08,L10009,427.63,3,"L10009_2,L10009_1,L10009_0",0.0,10,93.17333333333333,9.903333333333334,10,0,NaN
07:01:10,L10009,427.63,3,"L10009_2,L10009_1,L10009_0",0.0,9,86.2,9.723333333333334,9,0,NaN
07:01:12,L10009,427.63,3,"L10009_2,L10009_1,L10009_0",0.62,9,80.50666666666667,9.18,9,0,NaN
07:01:14,L10009,427.63,3,"L10009_2,L10009_1,L10009_0",0.0,9,76.96666666666668,8.643333333333333,9,0,NaN
07:01:16,L10009,427.63,3,"L10009_2,L10009_1,L10009_0",0.0,8,77.33999999999999,8.023333333333333,8,0,NaN
07:01:18,L10009,427.63,3,"L10009_2,L10009_1,L10009_0",0.0,8,83.86999999999999,8.163333333333332,8,0,NaN
07:01:20,L10009,427.63,3,"L10009_2,L10009_1,L10009_0",0.0,8,79.57333333333334,7.8066666666666675,8,0,NaN
07:01:22,L10009,427.63,3,"L10009_2,L10009_1,L10009_0",0.0,8,77.59,7.63,8,0,NaN
07:01:24,L10009,427.63,3,"L10009_2,L10009_1,L10009_0",0.0,8,78.6,8.463333333333333,8,0,NaN
07:01:26,L10009,427.63,3,"L10009_2,L10009_1,L10009_0",0.0,9,87.78666666666668,8.863333333333333,9,0,NaN
07:01:28,L10009,427.63,3,"L10009_2,L10009_1,L10009_0",0.77,9,87.96666666666665,8.883333333333333,9,0,NaN
07:01:30,L10009,427.63,3,"L10009_2,L10009_1,L10009_0",0.0,9,100.92,9.023333333333333,9,0,NaN
07:01:32,L10009,427.63,3,"L10009_2,L10009_1,L10009_0",0.0,9,106.40666666666668,9.306666666666667,9,0,NaN
07:01:34,L10009,427.63,3,"L10009_2,L10009_1,L10009_0",0.0,9,102.36,9.363333333333335,9,0,NaN
07:01:36,L10009,427.63,3,"L10009_2,L10009_1,L10009_0",0.0,9,103.67666666666666,9.363333333333333,9,0,NaN
07:01:38,L10009,427.63,3,"L10009_2,L10009_1,L10009_0",0.0,9,98.98666666666666,9.243333333333334,9,0,NaN
07:01:40,L10009,427.63,3,"L10009_2,L10009_1,L10009_0",0.0,9,103.42666666666668,9.583333333333334,9,0,NaN
07:01:42,L10009,427.63,3,"L10009_2,L10009_1,L10009_0",0.0,9,105.22666666666667,9.356666666666667,9,0,NaN
07:01:44,L10009,427.63,3,"L10009_2,L10009_1,L10009_0",0.0,9,102.85000000000001,9.216666666666667,9,0,NaN
07:01:46,L10009,427.63,3,"L10009_2,L10009_1,L10009_0",0.0,9,97.82666666666665,9.366666666666667,9,0,NaN
07:01:48,L10009,427.63,3,"L10009_2,L10009_1,L10009_0",0.0,9,83.76333333333334,9.363333333333333,9,0,NaN
07:01:50,L10009,427.63,3,"L10009_2,L10009_1,L10009_0",0.0,10,91.53333333333335,9.743333333333334,10,0,NaN
07:01:52,L10009,427.63,3,"L10009_2,L10009_1,L10009_0",0.0,9,87.94000000000001,8.823333333333332,9,0,NaN
07:01:54,L10009,427.63,3,"L10009_2,L10009_1,L10009_0",0.0,8,82.45,7.94,8,0,NaN
07:01:56,L10009,427.63,3,"L10009_2,L10009_1,L10009_0",0.0,7,79.18,7.586666666666667,7,0,NaN
07:01:58,L10009,427.63,3,"L10009_2,L10009_1,L10009_0",0.0,7,78.84,7.243333333333333,7,0,NaN
07:02:00,L10009,427.63,3,"L10009_2,L10009_1,L10009_0",0.0,8,81.23,7.203333333333333,8,0,NaN
07:02:02,L10009,427.63,3,"L10009_2,L10009_1,L10009_0",0.0,8,87.92,7.593333333333334,8,0,NaN
07:02:04,L10009,427.63,3,"L10009_2,L10009_1,L10009_0",0.0,7,79.42333333333333,7.203333333333333,7,0,NaN
07:02:06,L10009,427.63,3,"L10009_2,L10009_1,L10009_0",0.0,7,77.37333333333333,7.053333333333334,7,0,NaN
07:02:08,L10009,427.63,3,"L10009_2,L10009_1,L10009_0",0.0,8,91.49666666666667,6.926666666666667,8,0,NaN
07:02:10,L10009,427.63,3,"L10009_2,L10009_1,L10009_0",0.0,7,76.44999999999999,7.113333333333333,7,0,NaN
07:02:12,L10009,427.63,3,"L10009_2,L10009_1,L10009_0",0.0,7,81.23666666666666,7.023333333333333,7,0,NaN
07:02:14,L10009,427.63,3,"L10009_2,L10009_1,L10009_0",0.0,7,85.40666666666668,6.973333333333334,7,0,NaN
07:02:16,L10009,427.63,3,"L10009_2,L10009_1,L10009_0",0.0,7,85.24666666666667,7.743333333333333,7,0,NaN
07:02:18,L10009,427.63,3,"L10009_2,L10009_1,L10009_0",0.0,8,94.90666666666668,8.083333333333334,8,0,NaN
07:02:20,L10009,427.63,3,"L10009_2,L10009_1,L10009_0",0.0,8,95.63333333333334,8.283333333333333,8,0,NaN
07:02:22,L10009,427.63,3,"L10009_2,L10009_1,L10009_0",0.0,8,94.66666666666667,8.726666666666667,8,0,NaN
07:02:24,L10009,427.63,3,"L10009_2,L10009_1,L10009_0",0.0,8,95.48333333333333,8.436666666666667,8,0,NaN
07:02:26,L10009,427.63,3,"L10009_2,L10009_1,L10009_0",0.0,8,95.86666666666667,8.823333333333332,8,0,NaN
07:02:28,L10009,427.63,3,"L10009_2,L10009_1,L10009_0",0.0,9,99.87666666666667,8.85,9,0,NaN
07:02:30,L10009,427.63,3,"L10009_2,L10009_1,L10009_0",0.0,9,103.68333333333334,8.99,9,0,NaN
07:02:32,L10009,427.63,3,"L10009_2,L10009_1,L10009_0",0.0,9,103.47666666666665,8.823333333333332,9,0,NaN
07:02:34,L10009,427.63,3,"L10009_2,L10009_1,L10009_0",0.0,8,96.22333333333334,8.116666666666667,8,0,NaN
07:02:36,L10009,427.63,3,"L10009_2,L10009_1,L10009_0",0.0,8,92.60000000000001,7.963333333333334,8,0,NaN
07:02:38,L10009,427.63,3,"L10009_2,L10009_1,L10009_0",0.0,8,86.83666666666666,7.753333333333334,8,0,NaN
07:02:40,L10009,427.63,3,"L10009_2,L10009_1,L10009_0",0.0,8,87.05333333333334,7.923333333333335,8,0,NaN
07:02:42,L10009,427.63,3,"L10009_2,L10009_1,L10009_0",0.0,8,82.40333333333332,7.733333333333333,8,0,NaN
07:02:44,L10009,427.63,3,"L10009_2,L10009_1,L10009_0",0.0,8,86.00333333333333,8.316666666666666,8,0,NaN
07:02:46,L10009,427.63,3,"L10009_2,L10009_1,L10009_0",0.0,9,93.14666666666666,8.39,9,0,NaN
07:02:48,L10009,427.63,3,"L10009_2,L10009_1,L10009_0",0.0,10,96.64333333333333,9.19,10,0,NaN
07:02:50,L10009,427.63,3,"L10009_2,L10009_1,L10009_0",0.0,9,94.13,9.116666666666667,9,0,NaN
07:02:52,L10009,427.63,3,"L10009_2,L10009_1,L10009_0",0.77,9,86.14333333333332,9.19,9,0,NaN
07:02:54,L10009,427.63,3,"L10009_2,L10009_1,L10009_0",0.62,9,84.33999999999999,9.219999999999999,9,0,NaN
07:02:56,L10009,427.63,3,"L10009_2,L10009_1,L10009_0",1.64,9,88.83666666666666,9.183333333333332,9,0,NaN
07:02:58,L10009,427.63,3,"L10009_2,L10009_1,L10009_0",1.4833333333333334,9,90.30666666666666,9.076666666666666,9,0,NaN
07:03:00,L10009,427.63,3,"L10009_2,L10009_1,L10009_0",0.0,9,92.44000000000001,8.776666666666667,9,0,NaN
07:03:02,L10009,427.63,3,"L10009_2,L10009_1,L10009_0",0.0,9,96.71666666666665,8.373333333333333,9,0,NaN
07:03:04,L10009,427.63,3,"L10009_2,L10009_1,L10009_0",0.0,9,99.86,8.603333333333333,9,0,NaN
07:03:06,L10009,427.63,3,"L10009_2,L10009_1,L10009_0",0.0,9,92.18666666666667,8.510000000000002,9,0,NaN
07:03:08,L10009,427.63,3,"L10009_2,L10009_1,L10009_0",0.0,9,95.66666666666669,8.823333333333332,9,0,NaN
07:03:10,L10009,427.63,3,"L10009_2,L10009_1,L10009_0",0.0,9,97.43,8.65,9,0,NaN
07:03:12,L10009,427.63,3,"L10009_2,L10009_1,L10009_0",0.0,9,99.88,9.229999999999999,9,0,NaN
07:03:14,L10009,427.63,3,"L10009_2,L10009_1,L10009_0",0.0,9,95.46999999999998,9.276666666666666,9,0,NaN
07:03:16,L10009,427.63,3,"L10009_2,L10009_1,L10009_0",0.77,9,94.5,9.046666666666667,9,0,NaN
07:03:18,L10009,427.63,3,"L10009_2,L10009_1,L10009_0",0.0,9,93.18,8.976666666666667,9,0,NaN
07:03:20,L10009,427.63,3,"L10009_2,L10009_1,L10009_0",0.0,9,89.52333333333333,8.546666666666667,9,0,NaN
07:03:22,L10009,427.63,3,"L10009_2,L10009_1,L10009_0",0.0,9,87.19333333333333,8.823333333333332,9,0,NaN
07:03:24,L10009,427.63,3,"L10009_2,L10009_1,L10009_0",0.0,10,98.78000000000002,9.076666666666666,10,0,NaN
07:03:26,L10009,427.63,3,"L10009_2,L10009_1,L10009_0",0.0,9,97.50666666666666,9.183333333333332,9,0,NaN
07:03:28,L10009,427.63,3,"L10009_2,L10009_1,L10009_0",0.0,9,98.83333333333333,9.003333333333332,9,0,NaN
07:03:30,L10009,427.63,3,"L10009_2,L10009_1,L10009_0",0.0,9,101.12,9.003333333333332,9,0,NaN
07:03:32,L10009,427.63,3,"L10009_2,L10009_1,L10009_0",0.0,9,100.30333333333333,9.25,9,0,NaN
07:03:34,L10009,427.63,3,"L10009_2,L10009_1,L10009_0",0.0,9,105.08666666666666,9.066666666666668,9,0,NaN
07:03:36,L10009,427.63,3,"L10009_2,L10009_1,L10009_0",0.0,9,104.25333333333333,9.536666666666667,9,0,NaN
07:03:38,L10009,427.63,3,"L10009_2,L10009_1,L10009_0",0.0,10,108.62,9.423333333333334,10,0,NaN
07:03:40,L10009,427.63,3,"L10009_2,L10009_1,L10009_0",0.0,9,103.64333333333333,8.51,9,0,NaN
07:03:42,L10009,427.63,3,"L10009_2,L10009_1,L10009_0",0.0,9,92.50333333333333,8.556666666666667,9,0,NaN
07:03:44,L10009,427.63,3,"L10009_2,L10009_1,L10009_0",0.0,9,91.67666666666666,8.63,9,0,NaN
07:03:46,L10009,427.63,3,"L10009_2,L10009_1,L10009_0",0.0,9,85.12666666666668,8.73,9,0,NaN
07:03:48,L10009,427.63,3,"L10009_2,L10009_1,L10009_0",0.0,9,88.06666666666668,8.709999999999999,9,0,NaN
07:03:50,L10009,427.63,3,"L10009_2,L10009_1,L10009_0",0.0,9,90.30666666666667,8.543333333333335,9,0,NaN
07:03:52,L10009,427.63,3,"L10009_2,L10009_1,L10009_0",0.0,8,85.71333333333332,8.166666666666666,8,0,NaN
07:03:54,L10009,427.63,3,"L10009_2,L10009_1,L10009_0",0.0,8,88.05,8.106666666666667,8,0,NaN
07:03:56,L10009,427.63,3,"L10009_2,L10009_1,L10009_0",0.0,8,80.39666666666666,8.036666666666667,8,0,NaN
07:03:58,L10009,427.63,3,"L10009_2,L10009_1,L10009_0",0.0,8,77.09666666666666,7.906666666666666,8,0,NaN
07:04:00,L10009,427.63,3,"L10009_2,L10009_1,L10009_0",0.0,8,84.44333333333334,7.833333333333333,8,0,NaN
07:04:02,L10009,427.63,3,"L10009_2,L10009_1,L10009_0",0.0,9,87.36,8.36,9,0,NaN
07:04:04,L10009,427.63,3,"L10009_2,L10009_1,L10009_0",0.0,8,83.2,8.463333333333333,8,0,NaN
07:04:06,L10009,427.63,3,"L10009_2,L10009_1,L10009_0",0.0,9,86.65333333333332,8.27,9,0,NaN
07:04:08,L10009,427.63,3,"L10009_2,L10009_1,L10009_0",0.0,8,78.05,8.33,8,0,NaN
07:04:10,L10009,427.63,3,"L10009_2,L10009_1,L10009_0",0.77,8,74.37333333333333,8.51,8,0,NaN
07:04:12,L10009,427.63,3,"L10009_2,L10009_1,L10009_0",0.0,9,84.14,8.246666666666668,9,0,NaN
07:04:14,L10009,427.63,3,"L10009_2,L10009_1,L10009_0",0.77,9,79.9,8.643333333333334,9,0,NaN
07:04:16,L10009,427.63,3,"L10009_2,L10009_1,L10009_0",1.54,10,85.24333333333333,8.833333333333334,10,0,NaN
07:04:18,L10009,427.63,3,"L10009_2,L10009_1,L10009_0",0.63,10,84.95333333333333,9.516666666666667,10,0,NaN
07:04:20,L10009,427.63,3,"L10009_2,L10009_1,L10009_0",0.77,10,84.17,9.97,10,0,NaN
07:04:22,L10009,427.63,3,"L10009_2,L10009_1,L10009_0",5.86,10,83.59333333333333,9.97,10,0,NaN
07:04:24,L10009,427.63,3,"L10009_2,L10009_1,L10009_0",0.0,9,82.32666666666667,9.723333333333333,9,0,NaN
07:04:26,L10009,427.63,3,"L10009_2,L10009_1,L10009_0",0.0,10,91.30666666666667,9.493333333333334,10,0,NaN
07:04:28,L10009,427.63,3,"L10009_2,L10009_1,L10009_0",0.0,9,89.35666666666667,9.033333333333333,9,0,NaN
07:04:30,L10009,427.63,3,"L10009_2,L10009_1,L10009_0",0.0,9,100.05333333333333,8.97,9,0,NaN
07:04:32,L10009,427.63,3,"L10009_2,L10009_1,L10009_0",0.0,9,97.46666666666668,8.823333333333332,9,0,NaN
07:04:34,L10009,427.63,3,"L10009_2,L10009_1,L10009_0",0.0,9,99.36666666666666,8.743333333333334,9,0,NaN
07:04:36,L10009,427.63,3,"L10009_2,L10009_1,L10009_0",0.0,9,102.14999999999999,8.836666666666666,9,0,NaN
07:04:38,L10009,427.63,3,"L10009_2,L10009_1,L10009_0",0.0,9,101.89999999999999,9.183333333333332,9,0,NaN
07:04:40,L10009,427.63,3,"L10009_2,L10009_1,L10009_0",0.0,9,110.55,9.723333333333334,9,0,NaN
07:04:42,L10009,427.63,3,"L10009_2,L10009_1,L10009_0",0.0,10,117.87,9.826666666666666,10,0,NaN
07:04:44,L10009,427.63,3,"L10009_2,L10009_1,L10009_0",0.0,11,124.24000000000001,10.733333333333334,11,0,NaN
07:04:46,L10009,427.63,3,"L10009_2,L10009_1,L10009_0",0.0,11,123.40666666666665,11.106666666666667,11,0,NaN
07:04:48,L10009,427.63,3,"L10009_2,L10009_1,L10009_0",0.0,11,126.55666666666667,11.209999999999999,11,0,NaN
07:04:50,L10009,427.63,3,"L10009_2,L10009_1,L10009_0",0.0,12,133.25333333333336,11.366666666666665,12,0,NaN
07:04:52,L10009,427.63,3,"L10009_2,L10009_1,L10009_0",0.0,11,122.09666666666669,11.773333333333332,11,0,NaN
07:04:54,L10009,427.63,3,"L10009_2,L10009_1,L10009_0",0.0,11,115.76666666666667,11.813333333333333,11,0,NaN
07:04:56,L10009,427.63,3,"L10009_2,L10009_1,L10009_0",0.0,12,114.61000000000001,11.423333333333332,12,0,NaN
07:04:58,L10009,427.63,3,"L10009_2,L10009_1,L10009_0",0.0,11,106.45333333333333,10.933333333333332,11,0,NaN
07:05:00,L10009,427.63,3,"L10009_2,L10009_1,L10009_0",0.77,10,105.39666666666666,10.946666666666667,10,0,NaN
07:05:02,L10009,427.63,3,"L10009_2,L10009_1,L10009_0",0.0,11,111.67333333333333,10.926666666666668,11,0,NaN
07:05:04,L10009,427.63,3,"L10009_2,L10009_1,L10009_0",0.0,11,102.91333333333334,10.933333333333332,11,0,NaN
07:05:06,L10009,427.63,3,"L10009_2,L10009_1,L10009_0",0.0,11,95.55333333333334,10.88,11,0,NaN
07:05:08,L10009,427.63,3,"L10009_2,L10009_1,L10009_0",1.42,11,92.01333333333334,11.020000000000001,11,0,NaN
07:05:10,L10009,427.63,3,"L10009_2,L10009_1,L10009_0",0.77,11,96.05,10.596666666666666,11,0,NaN
07:05:12,L10009,427.63,3,"L10009_2,L10009_1,L10009_0",0.0,11,100.80999999999999,10.31,11,0,NaN
07:05:14,L10009,427.63,3,"L10009_2,L10009_1,L10009_0",0.0,11,99.15666666666668,9.873333333333333,11,0,NaN
07:05:16,L10009,427.63,3,"L10009_2,L10009_1,L10009_0",0.0,10,94.82000000000001,9.696666666666665,10,0,NaN
07:05:18,L10009,427.63,3,"L10009_2,L10009_1,L10009_0",0.0,9,85.35333333333334,9.223333333333334,9,0,NaN
07:05:20,L10009,427.63,3,"L10009_2,L10009_1,L10009_0",0.77,9,85.3,9.073333333333332,9,0,NaN
07:05:22,L10009,427.63,3,"L10009_2,L10009_1,L10009_0",0.77,9,84.64666666666666,8.823333333333332,9,0,NaN
07:05:24,L10009,427.63,3,"L10009_2,L10009_1,L10009_0",0.0,9,85.3,8.346666666666666,9,0,NaN
07:05:26,L10009,427.63,3,"L10009_2,L10009_1,L10009_0",0.0,8,81.51666666666667,8.206666666666665,8,0,NaN
07:05:28,L10009,427.63,3,"L10009_2,L10009_1,L10009_0",0.0,8,80.88666666666667,8.183333333333332,8,0,NaN
07:05:30,L10009,427.63,3,"L10009_2,L10009_1,L10009_0",1.33,8,78.17333333333333,8.283333333333333,8,0,NaN
07:05:32,L10009,427.63,3,"L10009_2,L10009_1,L10009_0",0.0,8,76.89333333333333,8.103333333333333,8,0,NaN
07:05:34,L10009,427.63,3,"L10009_2,L10009_1,L10009_0",0.5666666666666667,8,80.32666666666667,8.076666666666666,8,0,NaN
07:05:36,L10009,427.63,3,"L10009_2,L10009_1,L10009_0",0.0,9,92.52333333333331,7.853333333333334,9,0,NaN
07:05:38,L10009,427.63,3,"L10009_2,L10009_1,L10009_0",0.0,8,89.90666666666665,8.046666666666667,8,0,NaN
07:05:40,L10009,427.63,3,"L10009_2,L10009_1,L10009_0",0.0,8,87.8,8.203333333333333,8,0,NaN
07:05:42,L10009,427.63,3,"L10009_2,L10009_1,L10009_0",0.77,8,91.79666666666667,8.339999999999998,8,0,NaN
07:05:44,L10009,427.63,3,"L10009_2,L10009_1,L10009_0",0.0,8,89.62666666666667,8.05,8,0,NaN
07:05:46,L10009,427.63,3,"L10009_2,L10009_1,L10009_0",0.0,9,90.85666666666667,8.593333333333334,9,0,NaN
07:05:48,L10009,427.63,3,"L10009_2,L10009_1,L10009_0",0.0,9,96.8,9.366666666666667,9,0,NaN
07:05:50,L10009,427.63,3,"L10009_2,L10009_1,L10009_0",0.0,9,100.86,9.756666666666666,9,0,NaN
07:05:52,L10009,427.63,3,"L10009_2,L10009_1,L10009_0",0.0,9,96.27999999999999,9.723333333333334,9,0,NaN
07:05:54,L10009,427.63,3,"L10009_2,L10009_1,L10009_0",0.0,9,101.50666666666666,9.676666666666668,9,0,NaN
07:05:56,L10009,427.63,3,"L10009_2,L10009_1,L10009_0",0.0,9,100.13666666666667,9.126666666666667,9,0,NaN
07:05:58,L10009,427.63,3,"L10009_2,L10009_1,L10009_0",0.0,9,97.43,9.086666666666666,9,0,NaN
07:06:00,L10009,427.63,3,"L10009_2,L10009_1,L10009_0",0.0,9,103.10666666666667,9.156666666666666,9,0,NaN
07:06:02,L10009,427.63,3,"L10009_2,L10009_1,L10009_0",0.0,9,106.61,9.183333333333332,9,0,NaN
07:06:04,L10009,427.63,3,"L10009_2,L10009_1,L10009_0",0.0,9,97.71000000000002,9.233333333333334,9,0,NaN
07:06:06,L10009,427.63,3,"L10009_2,L10009_1,L10009_0",0.0,10,107.49666666666667,9.723333333333334,10,0,NaN
07:06:08,L10009,427.63,3,"L10009_2,L10009_1,L10009_0",0.0,10,103.00666666666666,9.743333333333332,10,0,NaN
07:06:10,L10009,427.63,3,"L10009_2,L10009_1,L10009_0",0.0,10,107.27666666666664,9.92,10,0,NaN
07:06:12,L10009,427.63,3,"L10009_2,L10009_1,L10009_0",0.0,9,100.98333333333333,9.326666666666668,9,0,NaN
07:06:14,L10009,427.63,3,"L10009_2,L10009_1,L10009_0",0.0,9,101.66000000000001,9.313333333333333,9,0,NaN
07:06:16,L10009,427.63,3,"L10009_2,L10009_1,L10009_0",0.0,9,100.45,9.353333333333333,9,0,NaN
07:06:18,L10009,427.63,3,"L10009_2,L10009_1,L10009_0",0.0,9,94.36666666666667,8.893333333333333,9,0,NaN
07:06:20,L10009,427.63,3,"L10009_2,L10009_1,L10009_0",0.0,9,95.31666666666668,8.806666666666667,9,0,NaN
07:06:22,L10009,427.63,3,"L10009_2,L10009_1,L10009_0",0.0,9,92.43333333333334,8.736666666666666,9,0,NaN
07:06:24,L10009,427.63,3,"L10009_2,L10009_1,L10009_0",0.0,8,85.19333333333333,8.643333333333333,8,0,NaN
07:06:26,L10009,427.63,3,"L10009_2,L10009_1,L10009_0",0.0,8,91.10000000000001,8.053333333333333,8,0,NaN
07:06:28,L10009,427.63,3,"L10009_2,L10009_1,L10009_0",0.0,8,84.86,8.036666666666667,8,0,NaN
07:06:30,L10009,427.63,3,"L10009_2,L10009_1,L10009_0",0.0,8,89.01333333333332,8.110000000000001,8,0,NaN
07:06:32,L10009,427.63,3,"L10009_2,L10009_1,L10009_0",0.0,8,88.34666666666668,8.153333333333332,8,0,NaN
07:06:34,L10009,427.63,3,"L10009_2,L10009_1,L10009_0",0.77,9,94.07333333333334,8.31,9,0,NaN
07:06:36,L10009,427.63,3,"L10009_2,L10009_1,L10009_0",0.0,8,91.17999999999999,8.583333333333334,8,0,NaN
07:06:38,L10009,427.63,3,"L10009_2,L10009_1,L10009_0",0.0,8,88.70666666666666,8.643333333333333,8,0,NaN
07:06:40,L10009,427.63,3,"L10009_2,L10009_1,L10009_0",0.0,8,83.77666666666666,8.363333333333333,8,0,NaN
07:06:42,L10009,427.63,3,"L10009_2,L10009_1,L10009_0",0.77,8,73.72000000000001,8.463333333333333,8,0,NaN
07:06:44,L10009,427.63,3,"L10009_2,L10009_1,L10009_0",0.0,8,78.58,7.7799999999999985,8,0,NaN
07:06:46,L10009,427.63,3,"L10009_2,L10009_1,L10009_0",0.0,8,84.92,7.550000000000001,8,0,NaN
07:06:48,L10009,427.63,3,"L10009_2,L10009_1,L10009_0",0.0,8,83.92333333333333,7.206666666666666,8,0,NaN
07:06:50,L10009,427.63,3,"L10009_2,L10009_1,L10009_0",0.0,7,75.77999999999999,6.983333333333334,7,0,NaN
07:06:52,L10009,427.63,3,"L10009_2,L10009_1,L10009_0",0.0,6,67.72,6.626666666666666,6,0,NaN
07:06:54,L10009,427.63,3,"L10009_2,L10009_1,L10009_0",0.0,9,94.61666666666666,8.023333333333333,9,0,NaN
07:06:56,L10009,427.63,3,"L10009_2,L10009_1,L10009_0",0.0,8,92.11,8.186666666666667,8,0,NaN
07:06:58,L10009,427.63,3,"L10009_2,L10009_1,L10009_0",0.0,8,93.30333333333334,8.806666666666667,8,0,NaN
07:07:00,L10009,427.63,3,"L10009_2,L10009_1,L10009_0",0.0,9,102.33666666666666,8.723333333333334,9,0,NaN
07:07:02,L10009,427.63,3,"L10009_2,L10009_1,L10009_0",0.0,8,94.51333333333334,8.66,8,0,NaN
07:07:04,L10009,427.63,3,"L10009_2,L10009_1,L10009_0",0.0,9,103.47666666666669,9.003333333333334,9,0,NaN
07:07:06,L10009,427.63,3,"L10009_2,L10009_1,L10009_0",0.0,9,107.74000000000001,9.303333333333333,9,0,NaN
07:07:08,L10009,427.63,3,"L10009_2,L10009_1,L10009_0",0.0,9,99.16333333333334,9.363333333333335,9,0,NaN
07:07:10,L10009,427.63,3,"L10009_2,L10009_1,L10009_0",0.0,9,108.75333333333333,9.003333333333334,9,0,NaN
07:07:12,L10009,427.63,3,"L10009_2,L10009_1,L10009_0",0.0,9,104.15000000000002,9.246666666666668,9,0,NaN
07:07:14,L10009,427.63,3,"L10009_2,L10009_1,L10009_0",0.0,9,100.85333333333334,9.73,9,0,NaN
07:07:16,L10009,427.63,3,"L10009_2,L10009_1,L10009_0",0.0,10,106.03000000000002,9.82,10,0,NaN
07:07:18,L10009,427.63,3,"L10009_2,L10009_1,L10009_0",0.0,10,113.46666666666665,10.37,10,0,NaN
07:07:20,L10009,427.63,3,"L10009_2,L10009_1,L10009_0",0.0,11,123.62333333333333,10.443333333333333,11,0,NaN
07:07:22,L10009,427.63,3,"L10009_2,L10009_1,L10009_0",0.0,11,123.97666666666667,10.87,11,0,NaN
07:07:24,L10009,427.63,3,"L10009_2,L10009_1,L10009_0",0.58,11,121.79666666666667,11.106666666666667,11,0,NaN
07:07:26,L10009,427.63,3,"L10009_2,L10009_1,L10009_0",0.0,11,115.89333333333333,10.693333333333333,11,0,NaN
07:07:28,L10009,427.63,3,"L10009_2,L10009_1,L10009_0",0.0,10,108.53333333333335,10.623333333333333,10,0,NaN
07:07:30,L10009,427.63,3,"L10009_2,L10009_1,L10009_0",0.0,11,109.86,10.643333333333333,11,0,NaN
07:07:32,L10009,427.63,3,"L10009_2,L10009_1,L10009_0",0.77,10,101.13666666666667,10.443333333333333,10,0,NaN
07:07:34,L10009,427.63,3,"L10009_2,L10009_1,L10009_0",0.77,10,94.95,10.333333333333334,10,0,NaN
07:07:36,L10009,427.63,3,"L10009_2,L10009_1,L10009_0",0.0,10,97.50666666666667,10.253333333333332,10,0,NaN
07:07:38,L10009,427.63,3,"L10009_2,L10009_1,L10009_0",0.77,10,84.48666666666666,10.19,10,0,NaN
07:07:40,L10009,427.63,3,"L10009_2,L10009_1,L10009_0",1.5533333333333335,10,79.36666666666666,10.303333333333333,10,0,NaN
07:07:42,L10009,427.63,3,"L10009_2,L10009_1,L10009_0",0.0,9,78.03333333333332,9.723333333333334,9,0,NaN
07:07:44,L10009,427.63,3,"L10009_2,L10009_1,L10009_0",0.0,9,79.71666666666667,9.166666666666666,9,0,NaN
07:07:46,L10009,427.63,3,"L10009_2,L10009_1,L10009_0",0.0,9,81.55,8.84,9,0,NaN
07:07:48,L10009,427.63,3,"L10009_2,L10009_1,L10009_0",0.0,8,73.83333333333333,8.08,8,0,NaN
07:07:50,L10009,427.63,3,"L10009_2,L10009_1,L10009_0",0.0,8,88.00333333333333,7.743333333333333,8,0,NaN
07:07:52,L10009,427.63,3,"L10009_2,L10009_1,L10009_0",0.0,8,80.52000000000002,8.273333333333333,8,0,NaN
07:07:54,L10009,427.63,3,"L10009_2,L10009_1,L10009_0",0.0,9,99.88999999999999,9.683333333333332,9,0,NaN
07:07:56,L10009,427.63,3,"L10009_2,L10009_1,L10009_0",0.0,9,100.65333333333332,9.533333333333333,9,0,NaN
07:07:58,L10009,427.63,3,"L10009_2,L10009_1,L10009_0",0.0,9,98.5,8.823333333333332,9,0,NaN
07:08:00,L10009,427.63,3,"L10009_2,L10009_1,L10009_0",0.0,9,99.23333333333335,8.513333333333334,9,0,NaN
07:08:02,L10009,427.63,3,"L10009_2,L10009_1,L10009_0",0.0,8,88.09333333333335,8.346666666666668,8,0,NaN
07:08:04,L10009,427.63,3,"L10009_2,L10009_1,L10009_0",0.0,8,88.94666666666667,8.366666666666667,8,0,NaN
07:08:06,L10009,427.63,3,"L10009_2,L10009_1,L10009_0",0.0,9,94.13,8.726666666666667,9,0,NaN
07:08:08,L10009,427.63,3,"L10009_2,L10009_1,L10009_0",0.0,9,100.53666666666669,9.293333333333331,9,0,NaN
07:08:10,L10009,427.63,3,"L10009_2,L10009_1,L10009_0",0.0,10,114.13333333333334,9.61,10,0,NaN
07:08:12,L10009,427.63,3,"L10009_2,L10009_1,L10009_0",0.0,9,105.69333333333333,9.573333333333334,9,0,NaN
07:08:14,L10009,427.63,3,"L10009_2,L10009_1,L10009_0",0.0,10,106.28333333333335,10.053333333333333,10,0,NaN
07:08:16,L10009,427.63,3,"L10009_2,L10009_1,L10009_0",0.0,10,105.01666666666667,9.786666666666667,10,0,NaN
07:08:18,L10009,427.63,3,"L10009_2,L10009_1,L10009_0",0.77,9,98.80000000000001,9.396666666666667,9,0,NaN
07:08:20,L10009,427.63,3,"L10009_2,L10009_1,L10009_0",0.0,9,96.92666666666668,9.663333333333334,9,0,NaN
07:08:22,L10009,427.63,3,"L10009_2,L10009_1,L10009_0",0.0,9,98.29333333333334,9.18,9,0,NaN
07:08:24,L10009,427.63,3,"L10009_2,L10009_1,L10009_0",0.0,9,98.90333333333331,8.639999999999999,9,0,NaN
07:08:26,L10009,427.63,3,"L10009_2,L10009_1,L10009_0",0.0,8,93.81333333333332,8.02,8,0,NaN
07:08:28,L10009,427.63,3,"L10009_2,L10009_1,L10009_0",0.0,8,90.0,7.666666666666667,8,0,NaN
07:08:30,L10009,427.63,3,"L10009_2,L10009_1,L10009_0",0.0,8,94.88,8.356666666666667,8,0,NaN
07:08:32,L10009,427.63,3,"L10009_2,L10009_1,L10009_0",0.0,9,99.74,8.763333333333334,9,0,NaN
07:08:34,L10009,427.63,3,"L10009_2,L10009_1,L10009_0",0.0,9,92.16333333333334,8.879999999999999,9,0,NaN
07:08:36,L10009,427.63,3,"L10009_2,L10009_1,L10009_0",0.0,9,85.32000000000001,9.053333333333333,9,0,NaN
07:08:38,L10009,427.63,3,"L10009_2,L10009_1,L10009_0",0.0,9,83.85333333333334,9.003333333333334,9,0,NaN
07:08:40,L10009,427.63,3,"L10009_2,L10009_1,L10009_0",0.0,9,83.49000000000001,8.81,9,0,NaN
07:08:42,L10009,427.63,3,"L10009_2,L10009_1,L10009_0",1.4533333333333334,9,78.01333333333334,8.97,9,0,NaN
07:08:44,L10009,427.63,3,"L10009_2,L10009_1,L10009_0",0.0,10,90.85666666666667,9.606666666666667,10,0,NaN
07:08:46,L10009,427.63,3,"L10009_2,L10009_1,L10009_0",0.0,10,93.83666666666666,9.073333333333332,10,0,NaN
07:08:48,L10009,427.63,3,"L10009_2,L10009_1,L10009_0",0.0,9,88.77,9.0,9,0,NaN
07:08:50,L10009,427.63,3,"L10009_2,L10009_1,L10009_0",0.77,9,87.52,8.98,9,0,NaN
07:08:52,L10009,427.63,3,"L10009_2,L10009_1,L10009_0",1.54,9,82.76333333333334,8.9,9,0,NaN
07:08:54,L10009,427.63,3,"L10009_2,L10009_1,L10009_0",2.9899999999999998,9,85.29666666666667,9.363333333333335,9,0,NaN
07:08:56,L10009,427.63,3,"L10009_2,L10009_1,L10009_0",0.77,9,90.57333333333334,9.183333333333332,9,0,NaN
07:08:58,L10009,427.63,3,"L10009_2,L10009_1,L10009_0",0.0,9,93.68333333333334,8.693333333333333,9,0,NaN
07:09:00,L10009,427.63,3,"L10009_2,L10009_1,L10009_0",0.0,9,95.96333333333332,8.733333333333333,9,0,NaN
07:09:02,L10009,427.63,3,"L10009_2,L10009_1,L10009_0",0.0,8,87.60666666666667,8.283333333333333,8,0,NaN
07:09:04,L10009,427.63,3,"L10009_2,L10009_1,L10009_0",0.0,8,88.65666666666665,8.473333333333334,8,0,NaN
07:09:06,L10009,427.63,3,"L10009_2,L10009_1,L10009_0",0.0,8,85.56,8.236666666666666,8,0,NaN
07:09:08,L10009,427.63,3,"L10009_2,L10009_1,L10009_0",0.0,8,87.79,7.983333333333334,8,0,NaN
07:09:10,L10009,427.63,3,"L10009_2,L10009_1,L10009_0",0.0,7,80.40333333333332,7.566666666666667,7,0,NaN
07:09:12,L10009,427.63,3,"L10009_2,L10009_1,L10009_0",0.0,8,89.55333333333334,7.386666666666668,8,0,NaN
07:09:14,L10009,427.63,3,"L10009_2,L10009_1,L10009_0",0.0,7,75.22333333333334,7.346666666666667,7,0,NaN
07:09:16,L10009,427.63,3,"L10009_2,L10009_1,L10009_0",0.0,7,75.78666666666668,7.29,7,0,NaN
07:09:18,L10009,427.63,3,"L10009_2,L10009_1,L10009_0",0.0,8,72.44333333333334,7.216666666666666,8,0,NaN
07:09:20,L10009,427.63,3,"L10009_2,L10009_1,L10009_0",0.0,7,67.89999999999999,6.716666666666666,7,0,NaN
07:09:22,L10009,427.63,3,"L10009_2,L10009_1,L10009_0",0.0,7,67.64,6.326666666666665,7,0,NaN
07:09:24,L10009,427.63,3,"L10009_2,L10009_1,L10009_0",0.0,7,74.31666666666668,6.326666666666665,7,0,NaN
07:09:26,L10009,427.63,3,"L10009_2,L10009_1,L10009_0",0.0,6,71.87333333333332,6.123333333333334,6,0,NaN
07:09:28,L10009,427.63,3,"L10009_2,L10009_1,L10009_0",0.0,7,75.90333333333334,6.803333333333335,7,0,NaN
07:09:30,L10009,427.63,3,"L10009_2,L10009_1,L10009_0",0.0,7,76.29666666666667,6.666666666666667,7,0,NaN
07:09:32,L10009,427.63,3,"L10009_2,L10009_1,L10009_0",0.0,6,73.77,6.423333333333333,6,0,NaN
07:09:34,L10009,427.63,3,"L10009_2,L10009_1,L10009_0",0.0,7,80.99666666666667,6.666666666666667,7,0,NaN
07:09:36,L10009,427.63,3,"L10009_2,L10009_1,L10009_0",0.0,7,84.22000000000001,6.61,7,0,NaN
07:09:38,L10009,427.63,3,"L10009_2,L10009_1,L10009_0",0.0,7,78.86666666666667,7.023333333333333,7,0,NaN
07:09:40,L10009,427.63,3,"L10009_2,L10009_1,L10009_0",0.0,7,82.08,7.023333333333333,7,0,NaN
07:09:42,L10009,427.63,3,"L10009_2,L10009_1,L10009_0",0.0,8,88.8,7.780000000000001,8,0,NaN
07:09:44,L10009,427.63,3,"L10009_2,L10009_1,L10009_0",0.0,8,94.25333333333333,8.03,8,0,NaN
07:09:46,L10009,427.63,3,"L10009_2,L10009_1,L10009_0",0.0,9,98.06666666666666,8.643333333333333,9,0,NaN
07:09:48,L10009,427.63,3,"L10009_2,L10009_1,L10009_0",0.0,8,95.95,8.043333333333333,8,0,NaN
07:09:50,L10009,427.63,3,"L10009_2,L10009_1,L10009_0",0.0,8,88.44333333333333,8.206666666666667,8,0,NaN
07:09:52,L10009,427.63,3,"L10009_2,L10009_1,L10009_0",0.0,9,104.53000000000002,8.75,9,0,NaN
07:09:54,L10009,427.63,3,"L10009_2,L10009_1,L10009_0",0.0,8,96.34333333333332,8.823333333333332,8,0,NaN
07:09:56,L10009,427.63,3,"L10009_2,L10009_1,L10009_0",0.0,9,103.67999999999999,8.966666666666667,9,0,NaN
07:09:58,L10009,427.63,3,"L10009_2,L10009_1,L10009_0",0.0,9,101.12666666666667,8.786666666666667,9,0,NaN
07:10:00,L10009,427.63,3,"L10009_2,L10009_1,L10009_0",0.0,9,100.38,9.446666666666667,9,0,NaN
07:10:02,L10009,427.63,3,"L10009_2,L10009_1,L10009_0",0.77,9,93.8,9.663333333333334,9,0,NaN
07:10:04,L10009,427.63,3,"L10009_2,L10009_1,L10009_0",0.0,9,92.62666666666667,9.453333333333333,9,0,NaN
07:10:06,L10009,427.63,3,"L10009_2,L10009_1,L10009_0",0.0,9,90.83666666666666,9.35,9,0,NaN
07:10:08,L10009,427.63,3,"L10009_2,L10009_1,L10009_0",0.0,9,85.31666666666666,8.91,9,0,NaN
07:10:10,L10009,427.63,3,"L10009_2,L10009_1,L10009_0",0.0,9,81.95333333333333,9.133333333333333,9,0,NaN
07:10:12,L10009,427.63,3,"L10009_2,L10009_1,L10009_0",0.0,9,77.25666666666666,9.040000000000001,9,0,NaN
07:10:14,L10009,427.63,3,"L10009_2,L10009_1,L10009_0",0.0,9,76.37333333333335,9.076666666666666,9,0,NaN
07:10:16,L10009,427.63,3,"L10009_2,L10009_1,L10009_0",0.77,9,79.11666666666666,8.933333333333332,9,0,NaN
07:10:18,L10009,427.63,3,"L10009_2,L10009_1,L10009_0",0.77,9,76.35333333333334,9.37,9,0,NaN
07:10:20,L10009,427.63,3,"L10009_2,L10009_1,L10009_0",4.233333333333333,9,77.50999999999999,9.066666666666668,9,0,NaN
07:10:22,L10009,427.63,3,"L10009_2,L10009_1,L10009_0",0.0,9,79.29666666666667,9.17,9,0,NaN
07:10:24,L10009,427.63,3,"L10009_2,L10009_1,L10009_0",0.77,10,92.47333333333334,9.823333333333334,10,0,NaN
07:10:26,L10009,427.63,3,"L10009_2,L10009_1,L10009_0",1.54,10,94.82000000000001,9.333333333333334,10,0,NaN
07:10:28,L10009,427.63,3,"L10009_2,L10009_1,L10009_0",0.0,9,91.21,9.356666666666667,9,0,NaN
07:10:30,L10009,427.63,3,"L10009_2,L10009_1,L10009_0",0.0,9,94.13333333333333,9.066666666666666,9,0,NaN
07:10:32,L10009,427.63,3,"L10009_2,L10009_1,L10009_0",0.0,9,92.09999999999998,9.213333333333333,9,0,NaN
07:10:34,L10009,427.63,3,"L10009_2,L10009_1,L10009_0",0.5599999999999999,9,95.86666666666666,9.246666666666668,9,0,NaN
07:10:36,L10009,427.63,3,"L10009_2,L10009_1,L10009_0",0.0,9,97.97666666666667,9.003333333333332,9,0,NaN
07:10:38,L10009,427.63,3,"L10009_2,L10009_1,L10009_0",0.0,9,98.71666666666665,9.183333333333332,9,0,NaN
07:10:40,L10009,427.63,3,"L10009_2,L10009_1,L10009_0",0.6066666666666667,9,104.08,8.996666666666668,9,0,NaN
07:10:42,L10009,427.63,3,"L10009_2,L10009_1,L10009_0",0.0,9,99.89333333333336,9.026666666666666,9,0,NaN
07:10:44,L10009,427.63,3,"L10009_2,L10009_1,L10009_0",0.0,9,100.38666666666667,9.183333333333332,9,0,NaN
07:10:46,L10009,427.63,3,"L10009_2,L10009_1,L10009_0",0.0,9,101.58666666666666,8.673333333333334,9,0,NaN
07:10:48,L10009,427.63,3,"L10009_2,L10009_1,L10009_0",0.0,9,106.07333333333332,8.76,9,0,NaN
07:10:50,L10009,427.63,3,"L10009_2,L10009_1,L10009_0",0.0,8,95.94666666666667,8.683333333333332,8,0,NaN
07:10:52,L10009,427.63,3,"L10009_2,L10009_1,L10009_0",0.0,9,90.98666666666666,8.156666666666666,9,0,NaN
07:10:54,L10009,427.63,3,"L10009_2,L10009_1,L10009_0",0.0,9,82.56333333333335,8.833333333333334,9,0,NaN
07:10:56,L10009,427.63,3,"L10009_2,L10009_1,L10009_0",0.0,9,86.86333333333333,8.566666666666668,9,0,NaN
07:10:58,L10009,427.63,3,"L10009_2,L10009_1,L10009_0",0.0,8,83.79,8.533333333333333,8,0,NaN
07:11:00,L10009,427.63,3,"L10009_2,L10009_1,L10009_0",0.77,9,82.28666666666666,8.92,9,0,NaN
07:11:02,L10009,427.63,3,"L10009_2,L10009_1,L10009_0",1.54,9,81.47666666666667,9.163333333333334,9,0,NaN
07:11:04,L10009,427.63,3,"L10009_2,L10009_1,L10009_0",2.7266666666666666,9,85.34666666666665,9.746666666666668,9,0,NaN
07:11:06,L10009,427.63,3,"L10009_2,L10009_1,L10009_0",4.043333333333334,10,94.55666666666667,9.979999999999999,10,0,NaN
07:11:08,L10009,427.63,3,"L10009_2,L10009_1,L10009_0",0.77,9,89.62666666666665,9.566666666666668,9,0,NaN
07:11:10,L10009,427.63,3,"L10009_2,L10009_1,L10009_0",0.0,9,93.63333333333333,9.15,9,0,NaN
07:11:12,L10009,427.63,3,"L10009_2,L10009_1,L10009_0",0.0,9,92.97333333333331,9.166666666666666,9,0,NaN
07:11:14,L10009,427.63,3,"L10009_2,L10009_1,L10009_0",0.0,9,84.56666666666666,8.856666666666667,9,0,NaN
07:11:16,L10009,427.63,3,"L10009_2,L10009_1,L10009_0",0.0,9,87.90333333333332,8.316666666666668,9,0,NaN
07:11:18,L10009,427.63,3,"L10009_2,L10009_1,L10009_0",0.0,9,85.57666666666667,7.816666666666666,9,0,NaN
07:11:20,L10009,427.63,3,"L10009_2,L10009_1,L10009_0",0.0,8,71.88,7.713333333333334,8,0,NaN
07:11:22,L10009,427.63,3,"L10009_2,L10009_1,L10009_0",0.0,8,67.07333333333332,7.286666666666666,8,0,NaN
07:11:24,L10009,427.63,3,"L10009_2,L10009_1,L10009_0",0.0,7,67.72,6.9433333333333325,7,0,NaN
07:11:26,L10009,427.63,3,"L10009_2,L10009_1,L10009_0",0.0,7,67.87666666666667,6.656666666666666,7,0,NaN
07:11:28,L10009,427.63,3,"L10009_2,L10009_1,L10009_0",0.0,7,66.62666666666667,5.960000000000001,7,0,NaN
07:11:30,L10009,427.63,3,"L10009_2,L10009_1,L10009_0",0.0,6,66.00666666666667,6.253333333333333,6,0,NaN
07:11:32,L10009,427.63,3,"L10009_2,L10009_1,L10009_0",0.0,7,71.98333333333333,6.373333333333334,7,0,NaN
07:11:34,L10009,427.63,3,"L10009_2,L10009_1,L10009_0",0.0,7,78.13333333333333,6.886666666666667,7,0,NaN
07:11:36,L10009,427.63,3,"L10009_2,L10009_1,L10009_0",0.0,7,81.63333333333333,7.173333333333335,7,0,NaN
07:11:38,L10009,427.63,3,"L10009_2,L10009_1,L10009_0",0.0,8,84.89999999999999,7.7,8,0,NaN
07:11:40,L10009,427.63,3,"L10009_2,L10009_1,L10009_0",0.0,7,82.63666666666667,7.280000000000001,7,0,NaN
07:11:42,L10009,427.63,3,"L10009_2,L10009_1,L10009_0",0.0,7,80.45333333333333,7.416666666666667,7,0,NaN
07:11:44,L10009,427.63,3,"L10009_2,L10009_1,L10009_0",0.0,7,81.88666666666667,7.243333333333332,7,0,NaN
07:11:46,L10009,427.63,3,"L10009_2,L10009_1,L10009_0",0.0,8,88.77333333333333,8.23,8,0,NaN
07:11:48,L10009,427.63,3,"L10009_2,L10009_1,L10009_0",0.0,8,90.63666666666666,8.093333333333334,8,0,NaN
07:11:50,L10009,427.63,3,"L10009_2,L10009_1,L10009_0",0.0,8,85.42666666666666,7.753333333333333,8,0,NaN
07:11:52,L10009,427.63,3,"L10009_2,L10009_1,L10009_0",0.0,8,92.13,7.86,8,0,NaN
07:11:54,L10009,427.63,3,"L10009_2,L10009_1,L10009_0",0.0,8,91.70333333333333,7.68,8,0,NaN
07:11:56,L10009,427.63,3,"L10009_2,L10009_1,L10009_0",0.0,8,89.48,8.276666666666666,8,0,NaN
07:11:58,L10009,427.63,3,"L10009_2,L10009_1,L10009_0",0.0,9,96.49000000000001,8.21,9,0,NaN
07:12:00,L10009,427.63,3,"L10009_2,L10009_1,L10009_0",0.0,9,101.63,7.97,9,0,NaN
07:12:02,L10009,427.63,3,"L10009_2,L10009_1,L10009_0",0.0,8,93.61666666666667,8.536666666666667,8,0,NaN
07:12:04,L10009,427.63,3,"L10009_2,L10009_1,L10009_0",0.0,8,94.80000000000001,8.283333333333333,8,0,NaN
07:12:06,L10009,427.63,3,"L10009_2,L10009_1,L10009_0",0.0,8,90.74333333333334,8.546666666666667,8,0,NaN
07:12:08,L10009,427.63,3,"L10009_2,L10009_1,L10009_0",0.0,9,99.56,7.983333333333333,9,0,NaN
07:12:10,L10009,427.63,3,"L10009_2,L10009_1,L10009_0",0.0,8,88.67999999999999,7.743333333333333,8,0,NaN
07:12:12,L10009,427.63,3,"L10009_2,L10009_1,L10009_0",0.0,8,84.48666666666666,7.8133333333333335,8,0,NaN
07:12:14,L10009,427.63,3,"L10009_2,L10009_1,L10009_0",0.0,8,89.46,7.87,8,0,NaN
07:12:16,L10009,427.63,3,"L10009_2,L10009_1,L10009_0",0.0,8,90.05333333333333,8.196666666666667,8,0,NaN
07:12:18,L10009,427.63,3,"L10009_2,L10009_1,L10009_0",0.0,8,93.43333333333334,8.32,8,0,NaN
07:12:20,L10009,427.63,3,"L10009_2,L10009_1,L10009_0",0.0,9,96.60666666666668,8.426666666666668,9,0,NaN
07:12:22,L10009,427.63,3,"L10009_2,L10009_1,L10009_0",0.0,9,104.94666666666667,8.816666666666666,9,0,NaN
07:12:24,L10009,427.63,3,"L10009_2,L10009_1,L10009_0",0.0,10,114.26,9.733333333333334,10,0,NaN
07:12:26,L10009,427.63,3,"L10009_2,L10009_1,L10009_0",0.0,10,107.96999999999998,9.516666666666666,10,0,NaN
07:12:28,L10009,427.63,3,"L10009_2,L10009_1,L10009_0",0.0,9,100.22666666666667,9.326666666666666,9,0,NaN
07:12:30,L10009,427.63,3,"L10009_2,L10009_1,L10009_0",0.0,9,104.58999999999999,9.376666666666667,9,0,NaN
07:12:32,L10009,427.63,3,"L10009_2,L10009_1,L10009_0",0.0,9,97.11333333333334,9.003333333333334,9,0,NaN
07:12:34,L10009,427.63,3,"L10009_2,L10009_1,L10009_0",0.0,9,96.72333333333331,9.2,9,0,NaN
07:12:36,L10009,427.63,3,"L10009_2,L10009_1,L10009_0",0.0,9,92.68,8.913333333333334,9,0,NaN
07:12:38,L10009,427.63,3,"L10009_2,L10009_1,L10009_0",0.0,9,89.2,9.073333333333332,9,0,NaN
07:12:40,L10009,427.63,3,"L10009_2,L10009_1,L10009_0",0.0,8,88.04,8.5,8,0,NaN
07:12:42,L10009,427.63,3,"L10009_2,L10009_1,L10009_0",0.0,9,88.09999999999998,8.293333333333335,9,0,NaN
07:12:44,L10009,427.63,3,"L10009_2,L10009_1,L10009_0",0.0,9,90.08666666666666,8.936666666666667,9,0,NaN
07:12:46,L10009,427.63,3,"L10009_2,L10009_1,L10009_0",0.0,10,101.74,9.233333333333334,10,0,NaN
07:12:48,L10009,427.63,3,"L10009_2,L10009_1,L10009_0",0.0,10,103.70333333333332,9.246666666666668,10,0,NaN
07:12:50,L10009,427.63,3,"L10009_2,L10009_1,L10009_0",0.0,9,99.61000000000001,8.84,9,0,NaN
07:12:52,L10009,427.63,3,"L10009_2,L10009_1,L10009_0",0.0,9,101.41333333333334,8.916666666666666,9,0,NaN
07:12:54,L10009,427.63,3,"L10009_2,L10009_1,L10009_0",0.0,9,98.49,8.590000000000002,9,0,NaN
07:12:56,L10009,427.63,3,"L10009_2,L10009_1,L10009_0",0.0,8,91.50666666666667,8.136666666666667,8,0,NaN
07:12:58,L10009,427.63,3,"L10009_2,L10009_1,L10009_0",0.0,8,91.75666666666666,7.87,8,0,NaN
07:13:00,L10009,427.63,3,"L10009_2,L10009_1,L10009_0",0.0,8,87.92,7.693333333333334,8,0,NaN
07:13:02,L10009,427.63,3,"L10009_2,L10009_1,L10009_0",0.0,8,82.27,7.656666666666666,8,0,NaN
07:13:04,L10009,427.63,3,"L10009_2,L10009_1,L10009_0",0.0,8,80.81,7.573333333333333,8,0,NaN
07:13:06,L10009,427.63,3,"L10009_2,L10009_1,L10009_0",0.0,7,79.52999999999999,7.486666666666667,7,0,NaN
07:13:08,L10009,427.63,3,"L10009_2,L10009_1,L10009_0",0.0,7,78.17666666666666,7.239999999999999,7,0,NaN
07:13:10,L10009,427.63,3,"L10009_2,L10009_1,L10009_0",0.77,7,71.28,7.440000000000001,7,0,NaN
07:13:12,L10009,427.63,3,"L10009_2,L10009_1,L10009_0",0.0,8,75.64666666666666,7.383333333333334,8,0,NaN
07:13:14,L10009,427.63,3,"L10009_2,L10009_1,L10009_0",0.68,8,78.67,7.69,8,0,NaN
07:13:16,L10009,427.63,3,"L10009_2,L10009_1,L10009_0",1.3833333333333335,8,84.31333333333332,8.17,8,0,NaN
07:13:18,L10009,427.63,3,"L10009_2,L10009_1,L10009_0",0.0,8,80.83999999999999,8.056666666666667,8,0,NaN
07:13:20,L10009,427.63,3,"L10009_2,L10009_1,L10009_0",0.77,8,86.44,8.13,8,0,NaN
07:13:22,L10009,427.63,3,"L10009_2,L10009_1,L10009_0",0.0,8,89.67333333333333,7.973333333333334,8,0,NaN
07:13:24,L10009,427.63,3,"L10009_2,L10009_1,L10009_0",0.0,8,88.75666666666666,8.33,8,0,NaN
07:13:26,L10009,427.63,3,"L10009_2,L10009_1,L10009_0",0.0,8,82.42,7.933333333333334,8,0,NaN
07:13:28,L10009,427.63,3,"L10009_2,L10009_1,L10009_0",0.0,8,87.19,7.6499999999999995,8,0,NaN
07:13:30,L10009,427.63,3,"L10009_2,L10009_1,L10009_0",0.0,8,88.37666666666667,8.053333333333333,8,0,NaN
07:13:32,L10009,427.63,3,"L10009_2,L10009_1,L10009_0",0.0,8,90.11,7.426666666666666,8,0,NaN
07:13:34,L10009,427.63,3,"L10009_2,L10009_1,L10009_0",0.0,8,91.11000000000001,7.773333333333333,8,0,NaN
07:13:36,L10009,427.63,3,"L10009_2,L10009_1,L10009_0",0.0,8,93.13,8.103333333333333,8,0,NaN
07:13:38,L10009,427.63,3,"L10009_2,L10009_1,L10009_0",0.0,8,94.02,7.963333333333334,8,0,NaN
07:13:40,L10009,427.63,3,"L10009_2,L10009_1,L10009_0",0.0,7,85.77,7.816666666666667,7,0,NaN
07:13:42,L10009,427.63,3,"L10009_2,L10009_1,L10009_0",0.0,8,90.16000000000001,7.75,8,0,NaN
07:13:44,L10009,427.63,3,"L10009_2,L10009_1,L10009_0",0.0,8,90.57666666666667,7.743333333333332,8,0,NaN
07:13:46,L10009,427.63,3,"L10009_2,L10009_1,L10009_0",0.0,8,89.31666666666666,7.506666666666668,8,0,NaN
07:13:48,L10009,427.63,3,"L10009_2,L10009_1,L10009_0",0.0,7,85.06666666666668,7.563333333333333,7,0,NaN
07:13:50,L10009,427.63,3,"L10009_2,L10009_1,L10009_0",0.0,8,86.25,7.546666666666667,8,0,NaN
07:13:52,L10009,427.63,3,"L10009_2,L10009_1,L10009_0",0.0,7,77.55,7.4700000000000015,7,0,NaN
07:13:54,L10009,427.63,3,"L10009_2,L10009_1,L10009_0",0.0,7,80.26666666666667,7.633333333333333,7,0,NaN
07:13:56,L10009,427.63,3,"L10009_2,L10009_1,L10009_0",0.0,7,82.29333333333334,7.563333333333333,7,0,NaN
07:13:58,L10009,427.63,3,"L10009_2,L10009_1,L10009_0",0.0,7,78.99,7.203333333333333,7,0,NaN
07:14:00,L10009,427.63,3,"L10009_2,L10009_1,L10009_0",0.0,7,76.79333333333334,6.763333333333333,7,0,NaN
07:14:02,L10009,427.63,3,"L10009_2,L10009_1,L10009_0",0.0,7,77.99333333333333,7.376666666666668,7,0,NaN
07:14:04,L10009,427.63,3,"L10009_2,L10009_1,L10009_0",0.0,8,81.56333333333335,7.546666666666667,8,0,NaN
07:14:06,L10009,427.63,3,"L10009_2,L10009_1,L10009_0",0.0,8,77.40666666666668,7.68,8,0,NaN
07:14:08,L10009,427.63,3,"L10009_2,L10009_1,L10009_0",0.0,8,67.81666666666666,7.656666666666666,8,0,NaN
07:14:10,L10009,427.63,3,"L10009_2,L10009_1,L10009_0",0.0,8,64.81333333333333,7.8933333333333335,8,0,NaN
07:14:12,L10009,427.63,3,"L10009_2,L10009_1,L10009_0",0.77,8,67.07333333333334,7.956666666666667,8,0,NaN
07:14:14,L10009,427.63,3,"L10009_2,L10009_1,L10009_0",0.0,8,65.64666666666666,7.486666666666667,8,0,NaN
07:14:16,L10009,427.63,3,"L10009_2,L10009_1,L10009_0",0.0,7,68.06333333333333,6.9366666666666665,7,0,NaN
07:14:18,L10009,427.63,3,"L10009_2,L10009_1,L10009_0",0.0,7,69.38333333333333,6.456666666666666,7,0,NaN
07:14:20,L10009,427.63,3,"L10009_2,L10009_1,L10009_0",0.0,8,79.39333333333332,6.830000000000001,8,0,NaN
07:14:22,L10009,427.63,3,"L10009_2,L10009_1,L10009_0",0.0,7,74.90666666666668,7.383333333333333,7,0,NaN
07:14:24,L10009,427.63,3,"L10009_2,L10009_1,L10009_0",0.0,8,86.91666666666667,7.346666666666667,8,0,NaN
07:14:26,L10009,427.63,3,"L10009_2,L10009_1,L10009_0",0.0,8,89.44333333333333,8.38,8,0,NaN
07:14:28,L10009,427.63,3,"L10009_2,L10009_1,L10009_0",0.0,9,97.87333333333333,8.643333333333333,9,0,NaN
07:14:30,L10009,427.63,3,"L10009_2,L10009_1,L10009_0",0.0,8,95.14666666666666,8.9,8,0,NaN
07:14:32,L10009,427.63,3,"L10009_2,L10009_1,L10009_0",0.0,9,101.65000000000002,9.316666666666668,9,0,NaN
07:14:34,L10009,427.63,3,"L10009_2,L10009_1,L10009_0",0.0,9,100.22333333333334,8.726666666666667,9,0,NaN
07:14:36,L10009,427.63,3,"L10009_2,L10009_1,L10009_0",0.0,9,103.34999999999998,9.316666666666668,9,0,NaN
07:14:38,L10009,427.63,3,"L10009_2,L10009_1,L10009_0",0.0,9,100.77333333333333,8.913333333333334,9,0,NaN
07:14:40,L10009,427.63,3,"L10009_2,L10009_1,L10009_0",0.0,9,103.23000000000002,9.126666666666667,9,0,NaN
07:14:42,L10009,427.63,3,"L10009_2,L10009_1,L10009_0",0.0,8,93.42333333333333,8.506666666666668,8,0,NaN
07:14:44,L10009,427.63,3,"L10009_2,L10009_1,L10009_0",0.0,9,90.82,8.803333333333335,9,0,NaN
07:14:46,L10009,427.63,3,"L10009_2,L10009_1,L10009_0",0.77,8,87.62,8.643333333333333,8,0,NaN
07:14:48,L10009,427.63,3,"L10009_2,L10009_1,L10009_0",0.5599999999999999,9,90.47666666666667,8.64,9,0,NaN
07:14:50,L10009,427.63,3,"L10009_2,L10009_1,L10009_0",0.6433333333333333,9,93.92666666666666,8.613333333333333,9,0,NaN
07:14:52,L10009,427.63,3,"L10009_2,L10009_1,L10009_0",1.54,9,88.68666666666667,9.06,9,0,NaN
07:14:54,L10009,427.63,3,"L10009_2,L10009_1,L10009_0",1.4400000000000002,8,80.06333333333332,8.92,8,0,NaN
07:14:56,L10009,427.63,3,"L10009_2,L10009_1,L10009_0",0.0,8,76.4,8.283333333333333,8,0,NaN
07:14:58,L10009,427.63,3,"L10009_2,L10009_1,L10009_0",0.0,8,78.5,8.103333333333333,8,0,NaN
07:15:00,L10009,427.63,3,"L10009_2,L10009_1,L10009_0",0.0,8,73.05333333333333,7.859999999999999,8,0,NaN
07:15:02,L10009,427.63,3,"L10009_2,L10009_1,L10009_0",0.77,8,74.18666666666667,7.91,8,0,NaN
07:15:04,L10009,427.63,3,"L10009_2,L10009_1,L10009_0",0.0,8,80.54666666666667,7.946666666666666,8,0,NaN
07:15:06,L10009,427.63,3,"L10009_2,L10009_1,L10009_0",0.0,8,75.32666666666667,7.533333333333334,8,0,NaN
07:15:08,L10009,427.63,3,"L10009_2,L10009_1,L10009_0",0.0,7,73.00666666666667,7.203333333333333,7,0,NaN
07:15:10,L10009,427.63,3,"L10009_2,L10009_1,L10009_0",0.0,7,80.89333333333333,6.483333333333334,7,0,NaN
07:15:12,L10009,427.63,3,"L10009_2,L10009_1,L10009_0",0.0,7,80.51,6.683333333333334,7,0,NaN
07:15:14,L10009,427.63,3,"L10009_2,L10009_1,L10009_0",0.0,6,73.63666666666667,6.526666666666666,6,0,NaN
07:15:16,L10009,427.63,3,"L10009_2,L10009_1,L10009_0",0.0,6,73.39333333333333,6.516666666666667,6,0,NaN
07:15:18,L10009,427.63,3,"L10009_2,L10009_1,L10009_0",0.0,7,77.67,7.0200000000000005,7,0,NaN
07:15:20,L10009,427.63,3,"L10009_2,L10009_1,L10009_0",0.0,7,80.92999999999999,6.846666666666668,7,0,NaN
07:15:22,L10009,427.63,3,"L10009_2,L10009_1,L10009_0",0.0,7,80.85666666666667,7.203333333333333,7,0,NaN
07:15:24,L10009,427.63,3,"L10009_2,L10009_1,L10009_0",0.0,7,85.56,7.543333333333334,7,0,NaN
07:15:26,L10009,427.63,3,"L10009_2,L10009_1,L10009_0",0.0,7,84.4,7.669999999999999,7,0,NaN
07:15:28,L10009,427.63,3,"L10009_2,L10009_1,L10009_0",0.0,8,88.34333333333332,7.923333333333335,8,0,NaN
07:15:30,L10009,427.63,3,"L10009_2,L10009_1,L10009_0",0.0,8,93.02,8.283333333333333,8,0,NaN
07:15:32,L10009,427.63,3,"L10009_2,L10009_1,L10009_0",0.0,8,97.76666666666667,8.726666666666667,8,0,NaN
07:15:34,L10009,427.63,3,"L10009_2,L10009_1,L10009_0",0.0,8,98.75333333333332,8.763333333333334,8,0,NaN
07:15:36,L10009,427.63,3,"L10009_2,L10009_1,L10009_0",0.0,8,98.29666666666667,8.803333333333335,8,0,NaN
07:15:38,L10009,427.63,3,"L10009_2,L10009_1,L10009_0",0.0,8,98.50999999999999,8.64,8,0,NaN
07:15:40,L10009,427.63,3,"L10009_2,L10009_1,L10009_0",0.0,8,98.87666666666667,8.463333333333333,8,0,NaN
07:15:42,L10009,427.63,3,"L10009_2,L10009_1,L10009_0",0.0,8,93.93333333333332,8.413333333333332,8,0,NaN
07:15:44,L10009,427.63,3,"L10009_2,L10009_1,L10009_0",0.0,9,100.93333333333334,8.823333333333332,9,0,NaN
07:15:46,L10009,427.63,3,"L10009_2,L10009_1,L10009_0",0.0,9,106.39,8.656666666666666,9,0,NaN
07:15:48,L10009,427.63,3,"L10009_2,L10009_1,L10009_0",0.0,9,102.93,9.06,9,0,NaN
07:15:50,L10009,427.63,3,"L10009_2,L10009_1,L10009_0",0.0,9,104.5,9.700000000000001,9,0,NaN
07:15:52,L10009,427.63,3,"L10009_2,L10009_1,L10009_0",0.0,10,106.69333333333333,9.913333333333332,10,0,NaN
07:15:54,L10009,427.63,3,"L10009_2,L10009_1,L10009_0",0.0,9,104.10000000000001,9.6,9,0,NaN
07:15:56,L10009,427.63,3,"L10009_2,L10009_1,L10009_0",0.0,9,105.52,9.733333333333333,9,0,NaN
07:15:58,L10009,427.63,3,"L10009_2,L10009_1,L10009_0",0.0,9,102.51666666666667,9.236666666666666,9,0,NaN
07:16:00,L10009,427.63,3,"L10009_2,L10009_1,L10009_0",0.0,9,98.00666666666666,8.996666666666666,9,0,NaN
07:16:02,L10009,427.63,3,"L10009_2,L10009_1,L10009_0",0.0,8,92.89999999999999,8.666666666666666,8,0,NaN
07:16:04,L10009,427.63,3,"L10009_2,L10009_1,L10009_0",0.0,9,97.0,8.69,9,0,NaN
07:16:06,L10009,427.63,3,"L10009_2,L10009_1,L10009_0",0.0,8,85.99,8.593333333333334,8,0,NaN
07:16:08,L10009,427.63,3,"L10009_2,L10009_1,L10009_0",1.2966666666666666,9,90.87333333333333,8.436666666666666,9,0,NaN
07:16:10,L10009,427.63,3,"L10009_2,L10009_1,L10009_0",3.7899999999999996,9,84.16666666666667,8.76,9,0,NaN
07:16:12,L10009,427.63,3,"L10009_2,L10009_1,L10009_0",4.94,9,79.89,9.450000000000001,9,0,NaN
07:16:14,L10009,427.63,3,"L10009_2,L10009_1,L10009_0",5.71,10,82.49000000000001,10.443333333333333,10,0,NaN
07:16:16,L10009,427.63,3,"L10009_2,L10009_1,L10009_0",6.48,10,80.18333333333334,10.56,10,0,NaN
07:16:18,L10009,427.63,3,"L10009_2,L10009_1,L10009_0",8.81,11,86.64666666666666,11.280000000000001,11,0,NaN
07:16:20,L10009,427.63,3,"L10009_2,L10009_1,L10009_0",10.75,11,82.72333333333333,11.553333333333333,11,0,NaN
07:16:22,L10009,427.63,3,"L10009_2,L10009_1,L10009_0",15.026666666666666,11,82.59666666666666,11.82,11,0,NaN
07:16:24,L10009,427.63,3,"L10009_2,L10009_1,L10009_0",17.34,12,80.27333333333333,12.25,12,0,NaN
07:16:26,L10009,427.63,3,"L10009_2,L10009_1,L10009_0",22.06,12,77.78666666666668,12.409999999999998,12,0,NaN
07:16:28,L10009,427.63,3,"L10009_2,L10009_1,L10009_0",24.34,12,74.94333333333334,12.693333333333333,12,0,NaN
07:16:30,L10009,427.63,3,"L10009_2,L10009_1,L10009_0",27.900000000000002,13,77.39666666666668,13.533333333333333,13,0,NaN
07:16:32,L10009,427.63,3,"L10009_2,L10009_1,L10009_0",30.180000000000003,14,78.41666666666667,13.956666666666665,14,0,NaN
07:16:34,L10009,427.63,3,"L10009_2,L10009_1,L10009_0",35.0,13,72.71666666666667,14.159999999999998,13,0,NaN
07:16:36,L10009,427.63,3,"L10009_2,L10009_1,L10009_0",35.99333333333333,14,70.94333333333334,14.44,14,0,NaN
07:16:38,L10009,427.63,3,"L10009_2,L10009_1,L10009_0",37.163333333333334,14,65.86,14.81,14,0,NaN
07:16:40,L10009,427.63,3,"L10009_2,L10009_1,L10009_0",34.82333333333333,14,62.57666666666666,14.920000000000002,14,0,NaN
07:16:42,L10009,427.63,3,"L10009_2,L10009_1,L10009_0",33.65,15,58.14000000000001,15.39,15,0,NaN
07:16:44,L10009,427.63,3,"L10009_2,L10009_1,L10009_0",52.336666666666666,15,53.94,15.6,15,0,NaN
07:16:46,L10009,427.63,3,"L10009_2,L10009_1,L10009_0",58.13999999999999,15,52.57333333333333,15.910000000000002,15,0,NaN
07:16:48,L10009,427.63,3,"L10009_2,L10009_1,L10009_0",60.470000000000006,16,50.083333333333336,16.209999999999997,16,0,NaN
07:16:50,L10009,427.63,3,"L10009_2,L10009_1,L10009_0",66.38,16,48.0,16.5,16,0,NaN
07:16:52,L10009,427.63,3,"L10009_2,L10009_1,L10009_0",63.76333333333333,16,48.96666666666667,16.743333333333336,16,0,NaN
07:16:54,L10009,427.63,3,"L10009_2,L10009_1,L10009_0",66.36666666666667,16,47.00666666666667,17.006666666666664,16,0,NaN
07:16:56,L10009,427.63,3,"L10009_2,L10009_1,L10009_0",69.88333333333334,16,47.68,17.25,16,0,NaN
07:16:58,L10009,427.63,3,"L10009_2,L10009_1,L10009_0",73.38333333333334,17,47.62333333333333,17.41,17,0,NaN
07:17:00,L10009,427.63,3,"L10009_2,L10009_1,L10009_0",75.63000000000001,17,45.11666666666667,17.686666666666667,17,0,NaN
07:17:02,L10009,427.63,3,"L10009_2,L10009_1,L10009_0",75.60666666666667,18,44.69333333333333,17.866666666666667,18,0,NaN
07:17:04,L10009,427.63,3,"L10009_2,L10009_1,L10009_0",81.54,17,39.52333333333333,18.096666666666668,17,0,NaN
07:17:06,L10009,427.63,3,"L10009_2,L10009_1,L10009_0",83.79333333333334,18,40.45666666666667,18.31,18,0,NaN
07:17:08,L10009,427.63,3,"L10009_2,L10009_1,L10009_0",84.93333333333334,18,39.266666666666666,18.55,18,0,NaN
07:17:10,L10009,427.63,3,"L10009_2,L10009_1,L10009_0",87.27,18,36.163333333333334,18.786666666666665,18,0,NaN
07:17:12,L10009,427.63,3,"L10009_2,L10009_1,L10009_0",89.58999999999999,19,39.99,19.006666666666668,19,0,NaN
07:17:14,L10009,427.63,3,"L10009_2,L10009_1,L10009_0",91.92666666666666,19,40.79,19.743333333333336,19,0,NaN
07:17:16,L10009,427.63,3,"L10009_2,L10009_1,L10009_0",93.10666666666667,23,68.29333333333334,22.776666666666667,23,0,NaN
07:17:18,L10009,427.63,3,"L10009_2,L10009_1,L10009_0",96.69,24,80.14666666666666,24.51,24,0,NaN
07:17:20,L10009,427.63,3,"L10009_2,L10009_1,L10009_0",97.78333333333335,24,77.85000000000001,24.96666666666667,24,0,NaN
07:17:22,L10009,427.63,3,"L10009_2,L10009_1,L10009_0",98.90999999999998,25,80.12,25.436666666666667,25,0,NaN
07:17:24,L10009,427.63,3,"L10009_2,L10009_1,L10009_0",104.75333333333333,25,77.54333333333332,26.066666666666666,25,0,NaN
07:17:26,L10009,427.63,3,"L10009_2,L10009_1,L10009_0",105.90333333333332,25,75.67666666666666,26.71666666666667,25,0,NaN
07:17:28,L10009,427.63,3,"L10009_2,L10009_1,L10009_0",105.89666666666666,26,77.20333333333333,27.063333333333333,26,0,NaN
07:17:30,L10009,427.63,3,"L10009_2,L10009_1,L10009_0",111.72000000000001,26,74.37333333333333,27.17333333333333,26,0,NaN
07:17:32,L10009,427.63,3,"L10009_2,L10009_1,L10009_0",110.65333333333332,26,68.22333333333333,27.486666666666668,26,0,NaN
07:17:34,L10009,427.63,3,"L10009_2,L10009_1,L10009_0",114.06333333333333,27,67.34,27.816666666666666,27,0,NaN
07:17:36,L10009,427.63,3,"L10009_2,L10009_1,L10009_0",114.05000000000001,27,62.49333333333333,28.28,27,0,NaN
07:17:38,L10009,427.63,3,"L10009_2,L10009_1,L10009_0",115.22333333333334,27,54.42000000000001,28.28,27,0,NaN
07:17:40,L10009,427.63,3,"L10009_2,L10009_1,L10009_0",116.48666666666668,28,48.27,28.753333333333334,28,0,NaN
07:17:42,L10009,427.63,3,"L10009_2,L10009_1,L10009_0",118.71,27,41.06666666666667,28.929999999999996,27,0,NaN
07:17:44,L10009,427.63,3,"L10009_2,L10009_1,L10009_0",120.51666666666665,28,38.38,29.230000000000004,28,0,NaN
07:17:46,L10009,427.63,3,"L10009_2,L10009_1,L10009_0",149.10666666666668,28,36.86333333333334,29.55666666666667,28,0,NaN
07:17:48,L10009,427.63,3,"L10009_2,L10009_1,L10009_0",147.86333333333334,28,38.21333333333333,29.716666666666665,28,0,NaN
07:17:50,L10009,427.63,3,"L10009_2,L10009_1,L10009_0",158.52333333333334,29,38.11666666666667,30.37,29,0,NaN
07:17:52,L10009,427.63,3,"L10009_2,L10009_1,L10009_0",161.9466666666667,30,47.346666666666664,31.653333333333332,30,0,NaN
07:17:54,L10009,427.63,3,"L10009_2,L10009_1,L10009_0",166.64,31,52.893333333333324,32.64666666666667,31,0,NaN
07:17:56,L10009,427.63,3,"L10009_2,L10009_1,L10009_0",168.85333333333332,31,54.353333333333325,33.00666666666667,31,0,NaN
07:17:58,L10009,427.63,3,"L10009_2,L10009_1,L10009_0",171.16333333333333,32,55.38333333333333,33.43,32,0,NaN
07:18:00,L10009,427.63,3,"L10009_2,L10009_1,L10009_0",169.98666666666665,32,52.14333333333334,33.93,32,0,NaN
07:18:02,L10009,427.63,3,"L10009_2,L10009_1,L10009_0",173.48000000000002,33,50.94666666666666,34.52,33,0,NaN
07:18:04,L10009,427.63,3,"L10009_2,L10009_1,L10009_0",176.97666666666666,33,48.46333333333333,34.87,33,0,NaN
07:18:06,L10009,427.63,3,"L10009_2,L10009_1,L10009_0",181.66666666666666,33,46.26,35.413333333333334,33,0,NaN
07:18:08,L10009,427.63,3,"L10009_2,L10009_1,L10009_0",183.98666666666668,34,43.48,35.873333333333335,34,0,NaN
07:18:10,L10009,427.63,3,"L10009_2,L10009_1,L10009_0",185.15,34,37.839999999999996,36.13333333333333,34,0,NaN
07:18:12,L10009,427.63,3,"L10009_2,L10009_1,L10009_0",186.29333333333332,34,34.24333333333333,36.49333333333333,34,0,NaN
07:18:14,L10009,427.63,3,"L10009_2,L10009_1,L10009_0",190.42666666666665,35,32.46666666666667,36.85333333333333,35,0,NaN
07:18:16,L10009,427.63,3,"L10009_2,L10009_1,L10009_0",207.38333333333333,35,32.266666666666666,37.21333333333333,35,0,NaN
07:18:18,L10009,427.63,3,"L10009_2,L10009_1,L10009_0",208.43666666666664,35,33.666666666666664,37.57333333333334,35,0,NaN
07:18:20,L10009,427.63,3,"L10009_2,L10009_1,L10009_0",209.61666666666667,36,33.13666666666666,37.87,36,0,NaN
07:18:22,L10009,427.63,3,"L10009_2,L10009_1,L10009_0",217.76333333333332,36,32.6,38.239999999999995,36,0,NaN
07:18:24,L10009,427.63,3,"L10009_2,L10009_1,L10009_0",220.10333333333335,36,32.78333333333333,38.513333333333335,36,0,NaN
07:18:26,L10009,427.63,3,"L10009_2,L10009_1,L10009_0",221.25333333333333,36,29.48,38.653333333333336,36,0,NaN
07:18:28,L10009,427.63,3,"L10009_2,L10009_1,L10009_0",223.58,37,29.223333333333333,39.056666666666665,37,0,NaN
07:18:30,L10009,427.63,3,"L10009_2,L10009_1,L10009_0",226.12333333333333,38,31.56,39.913333333333334,38,0,NaN
07:18:32,L10009,427.63,3,"L10009_2,L10009_1,L10009_0",228.38666666666666,39,35.54666666666667,41.17333333333334,39,0,NaN
07:18:34,L10009,427.63,3,"L10009_2,L10009_1,L10009_0",231.79,41,49.166666666666664,43.54,41,0,NaN
07:18:36,L10009,427.63,3,"L10009_2,L10009_1,L10009_0",232.90666666666667,42,53.07666666666666,44.086666666666666,42,0,NaN
07:18:38,L10009,427.63,3,"L10009_2,L10009_1,L10009_0",237.57000000000002,42,53.906666666666666,44.43666666666667,42,0,NaN
07:18:40,L10009,427.63,3,"L10009_2,L10009_1,L10009_0",239.89666666666668,42,54.086666666666666,44.77333333333333,42,0,NaN
07:18:42,L10009,427.63,3,"L10009_2,L10009_1,L10009_0",241.08,42,51.583333333333336,45.133333333333326,42,0,NaN
07:18:44,L10009,427.63,3,"L10009_2,L10009_1,L10009_0",245.1933333333333,42,46.42666666666667,45.49333333333334,42,0,NaN
07:18:46,L10009,427.63,3,"L10009_2,L10009_1,L10009_0",247.51666666666665,43,38.970000000000006,45.85333333333333,43,0,NaN
07:18:48,L10009,427.63,3,"L10009_2,L10009_1,L10009_0",252.85999999999999,43,28.58666666666667,45.876666666666665,43,0,NaN
07:18:50,L10009,427.63,3,"L10009_2,L10009_1,L10009_0",258.03666666666663,44,24.22,46.333333333333336,44,0,NaN
07:18:52,L10009,427.63,3,"L10009_2,L10009_1,L10009_0",263.42,44,21.32,46.830000000000005,44,0,NaN
07:18:54,L10009,427.63,3,"L10009_2,L10009_1,L10009_0",268.7966666666666,44,17.63,47.02,44,0,NaN
07:18:56,L10009,427.63,3,"L10009_2,L10009_1,L10009_0",270.41333333333336,44,16.63,47.29333333333333,44,0,NaN
07:18:58,L10009,427.63,3,"L10009_2,L10009_1,L10009_0",272.61999999999995,44,16.360000000000003,47.473333333333336,44,0,NaN
07:19:00,L10009,427.63,3,"L10009_2,L10009_1,L10009_0",273.74666666666667,45,15.740000000000002,47.68666666666667,45,0,NaN
07:19:02,L10009,427.63,3,"L10009_2,L10009_1,L10009_0",291.25333333333333,45,14.473333333333334,47.99,45,0,NaN
07:19:04,L10009,427.63,3,"L10009_2,L10009_1,L10009_0",292.3566666666666,45,13.686666666666667,48.19333333333333,45,0,NaN
07:19:06,L10009,427.63,3,"L10009_2,L10009_1,L10009_0",294.71999999999997,45,13.600000000000001,48.446666666666665,45,0,NaN
07:19:08,L10009,427.63,3,"L10009_2,L10009_1,L10009_0",297.01,45,13.56,48.73333333333334,45,0,NaN
07:19:10,L10009,427.63,3,"L10009_2,L10009_1,L10009_0",296.98333333333335,46,13.243333333333332,48.943333333333335,46,0,NaN
07:19:12,L10009,427.63,3,"L10009_2,L10009_1,L10009_0",298.15333333333336,46,11.26,49.093333333333334,46,0,NaN
07:19:14,L10009,427.63,3,"L10009_2,L10009_1,L10009_0",301.6466666666667,46,12.866666666666665,49.48333333333333,46,0,NaN
07:19:16,L10009,427.63,3,"L10009_2,L10009_1,L10009_0",302.8333333333333,47,13.903333333333334,49.73333333333333,47,0,NaN
07:19:18,L10009,427.63,3,"L10009_2,L10009_1,L10009_0",301.64000000000004,47,15.226666666666667,49.86333333333334,47,0,NaN
07:19:20,L10009,427.63,3,"L10009_2,L10009_1,L10009_0",303.9766666666667,47,14.816666666666668,50.25666666666666,47,0,NaN
07:19:22,L10009,427.63,3,"L10009_2,L10009_1,L10009_0",307.54,47,14.873333333333335,50.53333333333333,47,0,NaN
07:19:24,L10009,427.63,3,"L10009_2,L10009_1,L10009_0",308.7,48,13.333333333333334,50.78,48,0,NaN
07:19:26,L10009,427.63,3,"L10009_2,L10009_1,L10009_0",308.64000000000004,48,14.969999999999999,50.97,48,0,NaN
07:19:28,L10009,427.63,3,"L10009_2,L10009_1,L10009_0",312.27333333333337,48,16.453333333333333,51.47666666666667,48,0,NaN
07:19:30,L10009,427.63,3,"L10009_2,L10009_1,L10009_0",315.75666666666666,49,15.860000000000001,51.673333333333325,49,0,NaN
07:19:32,L10009,427.63,3,"L10009_2,L10009_1,L10009_0",315.63000000000005,49,17.540000000000003,52.13666666666666,49,0,NaN
07:19:34,L10009,427.63,3,"L10009_2,L10009_1,L10009_0",316.79333333333335,49,14.713333333333336,52.43333333333333,49,0,NaN
07:19:36,L10009,427.63,3,"L10009_2,L10009_1,L10009_0",320.2866666666667,50,14.999999999999998,53.23333333333333,50,0,NaN
07:19:38,L10009,427.63,3,"L10009_2,L10009_1,L10009_0",323.79,50,17.856666666666666,53.830000000000005,50,0,NaN
07:19:40,L10009,427.63,3,"L10009_2,L10009_1,L10009_0",323.7866666666667,53,26.926666666666666,56.29666666666666,53,0,NaN
07:19:42,L10009,427.63,3,"L10009_2,L10009_1,L10009_0",326.16,54,29.159999999999997,57.45666666666667,54,0,NaN
07:19:44,L10009,427.63,3,"L10009_2,L10009_1,L10009_0",330.7933333333333,55,28.12,58.52666666666667,55,0,NaN
07:19:46,L10009,427.63,3,"L10009_2,L10009_1,L10009_0",334.56,55,24.933333333333334,58.919999999999995,55,0,NaN
07:19:48,L10009,427.63,3,"L10009_2,L10009_1,L10009_0",336.73,56,19.32,59.53666666666667,56,0,NaN
07:19:50,L10009,427.63,3,"L10009_2,L10009_1,L10009_0",340.46333333333337,56,16.683333333333334,60.403333333333336,56,0,NaN
07:19:52,L10009,427.63,3,"L10009_2,L10009_1,L10009_0",342.7266666666667,57,13.926666666666668,60.97666666666667,57,0,NaN
07:19:54,L10009,427.63,3,"L10009_2,L10009_1,L10009_0",345.02666666666664,57,8.726666666666667,61.10666666666666,57,0,NaN
07:19:56,L10009,427.63,3,"L10009_2,L10009_1,L10009_0",359.37000000000006,57,7.076666666666667,61.449999999999996,57,0,NaN
07:19:58,L10009,427.63,3,"L10009_2,L10009_1,L10009_0",362.31666666666666,58,6.04,62.05666666666667,58,0,NaN
07:20:00,L10009,427.63,3,"L10009_2,L10009_1,L10009_0",363.42333333333335,58,5.68,62.416666666666664,58,0,NaN
07:20:02,L10009,427.63,3,"L10009_2,L10009_1,L10009_0",368.12000000000006,58,4.55,62.69,58,0,NaN
07:20:04,L10009,427.63,3,"L10009_2,L10009_1,L10009_0",368.09999999999997,59,3.0500000000000003,62.833333333333336,59,0,NaN
07:20:06,L10009,427.63,3,"L10009_2,L10009_1,L10009_0",374.01,59,3.066666666666667,63.25,59,0,NaN
07:20:08,L10009,427.63,3,"L10009_2,L10009_1,L10009_0",376.23333333333335,59,1.906666666666667,63.49666666666667,59,1,NaN
07:20:10,L10009,427.63,3,"L10009_2,L10009_1,L10009_0",376.2166666666667,59,3.1333333333333333,63.75,59,0,NaN
07:20:12,L10009,427.63,3,"L10009_2,L10009_1,L10009_0",390.24333333333334,60,2.5033333333333334,63.98999999999999,60,0,NaN
07:20:14,L10009,427.63,3,"L10009_2,L10009_1,L10009_0",405.3666666666666,60,1.0599999999999998,64.21666666666665,60,1,NaN
07:20:16,L10009,427.63,3,"L10009_2,L10009_1,L10009_0",406.5133333333333,60,1.5766666666666669,64.50666666666666,60,2,NaN
07:20:18,L10009,427.63,3,"L10009_2,L10009_1,L10009_0",406.51000000000005,60,1.22,64.59,60,2,NaN
07:20:20,L10009,427.63,3,"L10009_2,L10009_1,L10009_0",409.99,60,0.36999999999999994,64.64333333333333,60,2,NaN
07:20:22,L10009,427.63,3,"L10009_2,L10009_1,L10009_0",410.58,60,0.86,64.79666666666667,60,2,NaN
07:20:24,L10009,427.63,3,"L10009_2,L10009_1,L10009_0",411.22333333333336,60,0.7066666666666667,64.93666666666667,60,2,NaN
07:20:26,L10009,427.63,3,"L10009_2,L10009_1,L10009_0",413.6333333333334,61,0.36000000000000004,64.97666666666666,61,2,NaN
07:20:28,L10009,427.63,3,"L10009_2,L10009_1,L10009_0",414.65000000000003,61,0.0,64.99666666666666,61,2,NaN
07:20:30,L10009,427.63,3,"L10009_2,L10009_1,L10009_0",414.65000000000003,61,0.0,65.02,61,2,NaN
07:20:32,L10009,427.63,3,"L10009_2,L10009_1,L10009_0",414.65000000000003,61,0.0,65.02,61,2,NaN
07:20:34,L10009,427.63,3,"L10009_2,L10009_1,L10009_0",414.65000000000003,61,0.0,65.02,61,2,NaN
07:20:36,L10009,427.63,3,"L10009_2,L10009_1,L10009_0",414.65000000000003,61,0.0,65.02,61,2,NaN
07:20:38,L10009,427.63,3,"L10009_2,L10009_1,L10009_0",414.65000000000003,61,0.0,65.02,61,2,NaN
07:20:40,L10009,427.63,3,"L10009_2,L10009_1,L10009_0",414.65000000000003,61,0.0,65.02,61,2,NaN
07:20:42,L10009,427.63,3,"L10009_2,L10009_1,L10009_0",414.65000000000003,61,0.0,65.02,61,2,NaN
07:20:44,L10009,427.63,3,"L10009_2,L10009_1,L10009_0",414.65000000000003,61,0.0,65.02,61,2,NaN
07:20:46,L10009,427.63,3,"L10009_2,L10009_1,L10009_0",414.65000000000003,61,0.0,65.02,61,2,NaN
07:20:48,L10009,427.63,3,"L10009_2,L10009_1,L10009_0",414.65000000000003,61,0.0,65.02,61,2,NaN
07:20:50,L10009,427.63,3,"L10009_2,L10009_1,L10009_0",414.65000000000003,61,0.0,65.02,61,2,NaN
07:20:52,L10009,427.63,3,"L10009_2,L10009_1,L10009_0",414.65000000000003,61,0.0,65.02,61,2,NaN
07:20:54,L10009,427.63,3,"L10009_2,L10009_1,L10009_0",414.65000000000003,61,0.0,65.02,61,2,NaN
07:20:56,L10009,427.63,3,"L10009_2,L10009_1,L10009_0",414.65000000000003,61,0.0,65.02,61,2,NaN
07:20:58,L10009,427.63,3,"L10009_2,L10009_1,L10009_0",414.65000000000003,61,0.0,65.02,61,2,NaN
07:21:00,L10009,427.63,3,"L10009_2,L10009_1,L10009_0",414.65000000000003,61,0.0,65.02,61,2,NaN
07:21:02,L10009,427.63,3,"L10009_2,L10009_1,L10009_0",414.65000000000003,61,0.0,65.02,61,2,NaN
07:21:04,L10009,427.63,3,"L10009_2,L10009_1,L10009_0",414.65000000000003,61,0.0,65.02,61,2,NaN
07:21:06,L10009,427.63,3,"L10009_2,L10009_1,L10009_0",414.65000000000003,61,0.0,65.02,61,2,NaN
07:21:08,L10009,427.63,3,"L10009_2,L10009_1,L10009_0",414.65000000000003,61,0.0,65.02,61,2,NaN
07:21:10,L10009,427.63,3,"L10009_2,L10009_1,L10009_0",414.65000000000003,61,0.0,65.02,61,2,NaN
07:21:12,L10009,427.63,3,"L10009_2,L10009_1,L10009_0",414.65000000000003,61,0.0,65.02,61,2,NaN
07:21:14,L10009,427.63,3,"L10009_2,L10009_1,L10009_0",414.65000000000003,61,0.0,65.02,61,2,NaN
07:21:16,L10009,427.63,3,"L10009_2,L10009_1,L10009_0",414.65000000000003,61,0.0,65.02,61,2,NaN
07:21:18,L10009,427.63,3,"L10009_2,L10009_1,L10009_0",414.65000000000003,61,0.0,65.02,61,2,NaN
07:21:20,L10009,427.63,3,"L10009_2,L10009_1,L10009_0",414.65000000000003,61,0.0,65.02,61,2,NaN
07:21:22,L10009,427.63,3,"L10009_2,L10009_1,L10009_0",414.65000000000003,61,0.0,65.02,61,2,NaN
07:21:24,L10009,427.63,3,"L10009_2,L10009_1,L10009_0",414.65000000000003,61,0.0,65.02,61,2,NaN
07:21:26,L10009,427.63,3,"L10009_2,L10009_1,L10009_0",414.65000000000003,61,0.0,65.02,61,2,NaN
07:21:28,L10009,427.63,3,"L10009_2,L10009_1,L10009_0",414.65000000000003,61,0.0,65.02,61,2,NaN
07:21:30,L10009,427.63,3,"L10009_2,L10009_1,L10009_0",414.65000000000003,61,0.0,65.02,61,2,NaN
07:21:32,L10009,427.63,3,"L10009_2,L10009_1,L10009_0",414.65000000000003,61,0.0,65.02,61,2,NaN
07:21:34,L10009,427.63,3,"L10009_2,L10009_1,L10009_0",414.65000000000003,61,0.0,65.02,61,2,NaN
07:21:36,L10009,427.63,3,"L10009_2,L10009_1,L10009_0",414.65000000000003,61,0.0,65.02,61,2,NaN
07:21:38,L10009,427.63,3,"L10009_2,L10009_1,L10009_0",414.65000000000003,61,0.0,65.02,61,2,NaN
07:21:40,L10009,427.63,3,"L10009_2,L10009_1,L10009_0",414.65000000000003,61,0.0,65.02,61,2,NaN
07:21:42,L10009,427.63,3,"L10009_2,L10009_1,L10009_0",414.65000000000003,61,0.0,65.02,61,2,NaN
07:21:44,L10009,427.63,3,"L10009_2,L10009_1,L10009_0",414.65000000000003,61,0.0,65.02,61,2,NaN
07:21:46,L10009,427.63,3,"L10009_2,L10009_1,L10009_0",414.65000000000003,61,0.0,65.02,61,2,NaN
07:21:48,L10009,427.63,3,"L10009_2,L10009_1,L10009_0",414.65000000000003,61,0.0,65.02,61,2,NaN
07:21:50,L10009,427.63,3,"L10009_2,L10009_1,L10009_0",414.65000000000003,61,0.0,65.02,61,2,NaN
07:21:52,L10009,427.63,3,"L10009_2,L10009_1,L10009_0",414.65000000000003,61,0.0,65.02,61,2,NaN
07:21:54,L10009,427.63,3,"L10009_2,L10009_1,L10009_0",414.65000000000003,61,0.0,65.02,61,2,NaN
07:21:56,L10009,427.63,3,"L10009_2,L10009_1,L10009_0",414.65000000000003,61,0.0,65.02,61,2,NaN
07:21:58,L10009,427.63,3,"L10009_2,L10009_1,L10009_0",414.65000000000003,61,0.0,65.02,61,2,NaN
07:22:00,L10009,427.63,3,"L10009_2,L10009_1,L10009_0",414.65000000000003,61,0.0,65.02,61,2,NaN
07:22:02,L10009,427.63,3,"L10009_2,L10009_1,L10009_0",414.65000000000003,61,0.0,65.02,61,2,NaN
07:22:04,L10009,427.63,3,"L10009_2,L10009_1,L10009_0",414.65000000000003,61,0.0,65.02,61,2,NaN
07:22:06,L10009,427.63,3,"L10009_2,L10009_1,L10009_0",414.65000000000003,61,0.0,65.02,61,2,NaN
07:22:08,L10009,427.63,3,"L10009_2,L10009_1,L10009_0",414.65000000000003,61,0.0,65.02,61,2,NaN
07:22:10,L10009,427.63,3,"L10009_2,L10009_1,L10009_0",414.65000000000003,61,0.0,65.02,61,2,NaN
07:22:12,L10009,427.63,3,"L10009_2,L10009_1,L10009_0",414.65000000000003,61,0.0,65.02,61,2,NaN
07:22:14,L10009,427.63,3,"L10009_2,L10009_1,L10009_0",414.65000000000003,61,0.0,65.02,61,2,NaN
07:22:16,L10009,427.63,3,"L10009_2,L10009_1,L10009_0",414.65000000000003,61,0.0,65.02,61,2,NaN
07:22:18,L10009,427.63,3,"L10009_2,L10009_1,L10009_0",414.65000000000003,61,0.0,65.02,61,2,NaN
07:22:20,L10009,427.63,3,"L10009_2,L10009_1,L10009_0",414.65000000000003,61,0.0,65.02,61,2,NaN
07:22:22,L10009,427.63,3,"L10009_2,L10009_1,L10009_0",414.65000000000003,61,0.0,65.02,61,2,NaN
07:22:24,L10009,427.63,3,"L10009_2,L10009_1,L10009_0",414.65000000000003,61,0.0,65.02,61,2,NaN
07:22:26,L10009,427.63,3,"L10009_2,L10009_1,L10009_0",414.65000000000003,61,0.0,65.02,61,2,NaN
07:22:28,L10009,427.63,3,"L10009_2,L10009_1,L10009_0",414.65000000000003,61,0.0,65.02,61,2,NaN
07:22:30,L10009,427.63,3,"L10009_2,L10009_1,L10009_0",414.65000000000003,61,0.0,65.02,61,2,NaN
07:22:32,L10009,427.63,3,"L10009_2,L10009_1,L10009_0",414.65000000000003,61,0.0,65.02,61,2,NaN
07:22:34,L10009,427.63,3,"L10009_2,L10009_1,L10009_0",414.65000000000003,61,0.0,65.02,61,2,NaN
07:22:36,L10009,427.63,3,"L10009_2,L10009_1,L10009_0",414.65000000000003,61,0.0,65.02,61,2,NaN
07:22:38,L10009,427.63,3,"L10009_2,L10009_1,L10009_0",414.65000000000003,61,0.0,65.02,61,2,NaN
07:22:40,L10009,427.63,3,"L10009_2,L10009_1,L10009_0",414.65000000000003,61,0.0,65.02,61,2,NaN
07:22:42,L10009,427.63,3,"L10009_2,L10009_1,L10009_0",414.66333333333336,61,0.0,65.02,61,2,NaN
07:22:44,L10009,427.63,3,"L10009_2,L10009_1,L10009_0",414.6833333333334,61,0.0,65.01666666666667,61,2,NaN
07:22:46,L10009,427.63,3,"L10009_2,L10009_1,L10009_0",414.73333333333335,61,0.0,65.01,61,2,NaN
07:22:48,L10009,427.63,3,"L10009_2,L10009_1,L10009_0",414.8066666666667,61,0.0,65.0,61,2,NaN
07:22:50,L10009,427.63,3,"L10009_2,L10009_1,L10009_0",415.31666666666666,61,0.48,64.92999999999999,61,2,NaN
07:22:52,L10009,427.63,3,"L10009_2,L10009_1,L10009_0",414.53000000000003,60,1.22,64.90333333333334,60,2,NaN
07:22:54,L10009,427.63,3,"L10009_2,L10009_1,L10009_0",406.63000000000005,61,4.590000000000001,64.29,61,2,NaN
07:22:56,L10009,427.63,3,"L10009_2,L10009_1,L10009_0",398.73,60,7.55,63.633333333333326,60,0,NaN
07:22:58,L10009,427.63,3,"L10009_2,L10009_1,L10009_0",380.4666666666667,59,8.736666666666666,63.220000000000006,59,0,NaN
07:23:00,L10009,427.63,3,"L10009_2,L10009_1,L10009_0",372.6466666666667,59,11.313333333333333,62.38333333333333,59,0,NaN
07:23:02,L10009,427.63,3,"L10009_2,L10009_1,L10009_0",368.9866666666667,58,16.356666666666666,61.99666666666667,58,0,NaN
07:23:04,L10009,427.63,3,"L10009_2,L10009_1,L10009_0",358.34,58,16.349999999999998,61.45666666666667,58,0,NaN
07:23:06,L10009,427.63,3,"L10009_2,L10009_1,L10009_0",350.65333333333336,57,18.26666666666667,61.14000000000001,57,0,NaN
07:23:08,L10009,427.63,3,"L10009_2,L10009_1,L10009_0",344.32,56,19.406666666666666,60.22333333333333,56,0,NaN
07:23:10,L10009,427.63,3,"L10009_2,L10009_1,L10009_0",332.40333333333336,56,22.00666666666667,59.74333333333334,56,0,NaN
07:23:12,L10009,427.63,3,"L10009_2,L10009_1,L10009_0",308.54333333333335,56,25.72,59.306666666666665,56,0,NaN
07:23:14,L10009,427.63,3,"L10009_2,L10009_1,L10009_0",295.74,55,27.26,59.04333333333333,55,0,NaN
07:23:16,L10009,427.63,3,"L10009_2,L10009_1,L10009_0",284.98333333333335,55,29.3,58.423333333333325,55,0,NaN
07:23:18,L10009,427.63,3,"L10009_2,L10009_1,L10009_0",277.4766666666667,55,32.78666666666667,57.74666666666667,55,0,NaN
07:23:20,L10009,427.63,3,"L10009_2,L10009_1,L10009_0",274.67,54,36.03333333333333,57.32,54,0,NaN
07:23:22,L10009,427.63,3,"L10009_2,L10009_1,L10009_0",268.48,53,38.48,56.98333333333334,53,0,NaN
07:23:24,L10009,427.63,3,"L10009_2,L10009_1,L10009_0",260.92333333333335,53,39.443333333333335,56.21,53,0,NaN
07:23:26,L10009,427.63,3,"L10009_2,L10009_1,L10009_0",245.3166666666667,52,42.50666666666667,55.663333333333334,52,0,NaN
07:23:28,L10009,427.63,3,"L10009_2,L10009_1,L10009_0",229.84,52,45.50000000000001,54.99333333333333,52,0,NaN
07:23:30,L10009,427.63,3,"L10009_2,L10009_1,L10009_0",229.12333333333333,51,47.89666666666667,54.51,51,0,NaN
07:23:32,L10009,427.63,3,"L10009_2,L10009_1,L10009_0",223.59666666666666,51,50.31333333333333,53.660000000000004,51,0,NaN
07:23:34,L10009,427.63,3,"L10009_2,L10009_1,L10009_0",211.42999999999998,50,52.18000000000001,52.94666666666668,50,0,NaN
07:23:36,L10009,427.63,3,"L10009_2,L10009_1,L10009_0",205.14333333333335,49,55.49333333333334,52.633333333333326,49,0,NaN
07:23:38,L10009,427.63,3,"L10009_2,L10009_1,L10009_0",203.26333333333332,49,54.333333333333336,52.37,49,0,NaN
07:23:40,L10009,427.63,3,"L10009_2,L10009_1,L10009_0",191.11666666666667,49,56.5,51.943333333333335,49,0,NaN
07:23:42,L10009,427.63,3,"L10009_2,L10009_1,L10009_0",178.80333333333337,48,60.35999999999999,51.583333333333336,48,0,NaN
07:23:44,L10009,427.63,3,"L10009_2,L10009_1,L10009_0",152.85,48,62.75999999999999,50.843333333333334,48,0,NaN
07:23:46,L10009,427.63,3,"L10009_2,L10009_1,L10009_0",146.47333333333333,47,66.94,50.13,47,0,NaN
07:23:48,L10009,427.63,3,"L10009_2,L10009_1,L10009_0",144.67666666666665,47,70.34,49.400000000000006,47,0,NaN
07:23:50,L10009,427.63,3,"L10009_2,L10009_1,L10009_0",137.78,46,71.42666666666666,48.64333333333334,46,0,NaN
07:23:52,L10009,427.63,3,"L10009_2,L10009_1,L10009_0",128.51000000000002,45,71.01,48.35666666666666,45,0,NaN
07:23:54,L10009,427.63,3,"L10009_2,L10009_1,L10009_0",126.39333333333332,45,73.95333333333333,47.876666666666665,45,0,NaN
07:23:56,L10009,427.63,3,"L10009_2,L10009_1,L10009_0",112.81,44,78.71666666666665,47.38333333333333,44,0,NaN
07:23:58,L10009,427.63,3,"L10009_2,L10009_1,L10009_0",110.58,44,83.73,46.51,44,0,NaN
07:24:00,L10009,427.63,3,"L10009_2,L10009_1,L10009_0",88.50333333333333,43,91.33,45.54,43,0,NaN
07:24:02,L10009,427.63,3,"L10009_2,L10009_1,L10009_0",63.71666666666667,42,92.38999999999999,44.583333333333336,42,0,NaN
07:24:04,L10009,427.63,3,"L10009_2,L10009_1,L10009_0",47.336666666666666,41,94.63333333333333,43.68333333333334,41,0,NaN
07:24:06,L10009,427.63,3,"L10009_2,L10009_1,L10009_0",43.10999999999999,41,99.46,42.88666666666668,41,0,NaN
07:24:08,L10009,427.63,3,"L10009_2,L10009_1,L10009_0",41.17333333333333,40,103.54,41.876666666666665,40,0,NaN
07:24:10,L10009,427.63,3,"L10009_2,L10009_1,L10009_0",33.98,39,104.78333333333335,41.24666666666666,39,0,NaN
07:24:12,L10009,427.63,3,"L10009_2,L10009_1,L10009_0",29.349999999999994,38,112.08999999999999,40.470000000000006,38,0,NaN
07:24:14,L10009,427.63,3,"L10009_2,L10009_1,L10009_0",23.526666666666667,38,108.39000000000003,40.18,38,0,NaN
07:24:16,L10009,427.63,3,"L10009_2,L10009_1,L10009_0",15.983333333333333,38,109.92,40.050000000000004,38,0,NaN
07:24:18,L10009,427.63,3,"L10009_2,L10009_1,L10009_0",9.326666666666666,37,109.93333333333334,39.67,37,0,NaN
07:24:20,L10009,427.63,3,"L10009_2,L10009_1,L10009_0",3.7533333333333334,37,109.47666666666667,39.593333333333334,37,0,NaN
07:24:22,L10009,427.63,3,"L10009_2,L10009_1,L10009_0",3.08,37,112.77666666666666,38.86666666666667,37,0,NaN
07:24:24,L10009,427.63,3,"L10009_2,L10009_1,L10009_0",2.31,36,114.27333333333333,38.25333333333334,36,0,NaN
07:24:26,L10009,427.63,3,"L10009_2,L10009_1,L10009_0",1.54,36,115.19666666666667,37.71666666666667,36,0,NaN
07:24:28,L10009,427.63,3,"L10009_2,L10009_1,L10009_0",1.54,36,122.19333333333333,37.736666666666665,36,0,NaN
07:24:30,L10009,427.63,3,"L10009_2,L10009_1,L10009_0",1.54,36,125.76333333333332,37.126666666666665,36,0,NaN
07:24:32,L10009,427.63,3,"L10009_2,L10009_1,L10009_0",0.77,35,118.18,36.803333333333335,35,0,NaN
07:24:34,L10009,427.63,3,"L10009_2,L10009_1,L10009_0",2.31,35,120.23666666666668,36.74,35,0,NaN
07:24:36,L10009,427.63,3,"L10009_2,L10009_1,L10009_0",1.54,34,116.99333333333334,36.31,34,0,NaN
07:24:38,L10009,427.63,3,"L10009_2,L10009_1,L10009_0",0.77,35,118.3,36.26666666666667,35,0,NaN
07:24:40,L10009,427.63,3,"L10009_2,L10009_1,L10009_0",2.1933333333333334,34,120.08333333333333,35.916666666666664,34,0,NaN
07:24:42,L10009,427.63,3,"L10009_2,L10009_1,L10009_0",0.0,34,118.40333333333332,35.60666666666666,34,0,NaN
07:24:44,L10009,427.63,3,"L10009_2,L10009_1,L10009_0",0.0,34,119.75,35.29,34,0,NaN
07:24:46,L10009,427.63,3,"L10009_2,L10009_1,L10009_0",0.0,34,122.30000000000001,34.67666666666667,34,0,NaN
07:24:48,L10009,427.63,3,"L10009_2,L10009_1,L10009_0",0.0,33,123.06333333333333,34.73,33,0,NaN
07:24:50,L10009,427.63,3,"L10009_2,L10009_1,L10009_0",0.0,34,130.78666666666666,35.9,34,0,NaN
07:24:52,L10009,427.63,3,"L10009_2,L10009_1,L10009_0",2.876666666666667,34,124.8,35.790000000000006,34,0,NaN
07:24:54,L10009,427.63,3,"L10009_2,L10009_1,L10009_0",6.263333333333333,34,121.79666666666667,35.71333333333333,34,0,NaN
07:24:56,L10009,427.63,3,"L10009_2,L10009_1,L10009_0",5.760000000000001,34,118.23333333333333,35.843333333333334,34,0,NaN
07:24:58,L10009,427.63,3,"L10009_2,L10009_1,L10009_0",6.47,34,114.94333333333334,35.81333333333333,34,0,NaN
07:25:00,L10009,427.63,3,"L10009_2,L10009_1,L10009_0",2.986666666666667,34,115.94666666666667,35.58,34,0,NaN
07:25:02,L10009,427.63,3,"L10009_2,L10009_1,L10009_0",3.596666666666667,33,111.43,35.47333333333333,33,0,NaN
07:25:04,L10009,427.63,3,"L10009_2,L10009_1,L10009_0",2.856666666666667,33,111.18666666666668,34.77333333333333,33,0,NaN
07:25:06,L10009,427.63,3,"L10009_2,L10009_1,L10009_0",2.8200000000000003,33,112.72666666666667,34.74333333333333,33,0,NaN
07:25:08,L10009,427.63,3,"L10009_2,L10009_1,L10009_0",8.253333333333332,32,107.64666666666666,34.453333333333326,32,0,NaN
07:25:10,L10009,427.63,3,"L10009_2,L10009_1,L10009_0",9.57,31,100.47666666666667,33.699999999999996,31,0,NaN
07:25:12,L10009,427.63,3,"L10009_2,L10009_1,L10009_0",5.406666666666666,33,106.3,33.580000000000005,33,0,NaN
07:25:14,L10009,427.63,3,"L10009_2,L10009_1,L10009_0",3.08,33,115.54333333333334,34.72666666666667,33,0,NaN
07:25:16,L10009,427.63,3,"L10009_2,L10009_1,L10009_0",2.31,34,123.12,35.03333333333333,34,0,NaN
07:25:18,L10009,427.63,3,"L10009_2,L10009_1,L10009_0",5.829999999999999,33,118.59333333333332,35.44,33,0,NaN
07:25:20,L10009,427.63,3,"L10009_2,L10009_1,L10009_0",3.08,34,112.47666666666665,35.11,34,0,NaN
07:25:22,L10009,427.63,3,"L10009_2,L10009_1,L10009_0",1.54,33,106.64333333333333,34.88333333333333,33,0,NaN
07:25:24,L10009,427.63,3,"L10009_2,L10009_1,L10009_0",2.31,33,102.91000000000001,34.586666666666666,33,0,NaN
07:25:26,L10009,427.63,3,"L10009_2,L10009_1,L10009_0",2.31,33,101.43,34.46333333333333,33,0,NaN
07:25:28,L10009,427.63,3,"L10009_2,L10009_1,L10009_0",2.31,33,104.43666666666667,34.49,33,0,NaN
07:25:30,L10009,427.63,3,"L10009_2,L10009_1,L10009_0",6.083333333333333,33,104.64666666666669,34.53,33,0,NaN
07:25:32,L10009,427.63,3,"L10009_2,L10009_1,L10009_0",8.11,33,101.80666666666667,34.47666666666667,33,0,NaN
07:25:34,L10009,427.63,3,"L10009_2,L10009_1,L10009_0",15.376666666666667,32,96.66000000000001,34.45,32,0,NaN
07:25:36,L10009,427.63,3,"L10009_2,L10009_1,L10009_0",9.58,32,95.31,34.17333333333334,32,0,NaN
07:25:38,L10009,427.63,3,"L10009_2,L10009_1,L10009_0",12.446666666666667,33,96.62666666666667,33.69,33,0,NaN
07:25:40,L10009,427.63,3,"L10009_2,L10009_1,L10009_0",9.896666666666667,33,98.11666666666667,33.96333333333333,33,0,NaN
07:25:42,L10009,427.63,3,"L10009_2,L10009_1,L10009_0",10.553333333333333,34,107.74000000000001,36.086666666666666,34,0,NaN
07:25:44,L10009,427.63,3,"L10009_2,L10009_1,L10009_0",5.833333333333333,35,107.51,35.94,35,0,NaN
07:25:46,L10009,427.63,3,"L10009_2,L10009_1,L10009_0",5.06,35,113.92666666666668,36.03666666666667,35,0,NaN
07:25:48,L10009,427.63,3,"L10009_2,L10009_1,L10009_0",3.776666666666667,35,122.13,37.07,35,0,NaN
07:25:50,L10009,427.63,3,"L10009_2,L10009_1,L10009_0",7.16,34,113.64666666666669,36.663333333333334,34,0,NaN
07:25:52,L10009,427.63,3,"L10009_2,L10009_1,L10009_0",12.54,35,110.32999999999998,36.75666666666667,35,0,NaN
07:25:54,L10009,427.63,3,"L10009_2,L10009_1,L10009_0",5.766666666666667,37,114.19,37.78666666666666,37,0,NaN
07:25:56,L10009,427.63,3,"L10009_2,L10009_1,L10009_0",8.64,37,111.91333333333336,39.14333333333333,37,0,NaN
07:25:58,L10009,427.63,3,"L10009_2,L10009_1,L10009_0",5.21,37,112.28000000000002,38.78333333333333,37,0,NaN
07:26:00,L10009,427.63,3,"L10009_2,L10009_1,L10009_0",3.08,37,112.09666666666668,38.85333333333333,37,0,NaN
07:26:02,L10009,427.63,3,"L10009_2,L10009_1,L10009_0",3.733333333333334,37,113.88,39.306666666666665,37,0,NaN
07:26:04,L10009,427.63,3,"L10009_2,L10009_1,L10009_0",4.456666666666667,37,116.32,39.68666666666667,37,0,NaN
07:26:06,L10009,427.63,3,"L10009_2,L10009_1,L10009_0",3.08,38,118.50666666666666,38.88999999999999,38,0,NaN
07:26:08,L10009,427.63,3,"L10009_2,L10009_1,L10009_0",5.723333333333334,37,113.35666666666668,38.46666666666667,37,0,NaN
07:26:10,L10009,427.63,3,"L10009_2,L10009_1,L10009_0",2.31,35,108.83999999999999,37.98333333333333,35,0,NaN
07:26:12,L10009,427.63,3,"L10009_2,L10009_1,L10009_0",3.08,35,111.4833333333333,37.25000000000001,35,0,NaN
07:26:14,L10009,427.63,3,"L10009_2,L10009_1,L10009_0",4.6499999999999995,34,111.36999999999999,36.37333333333333,34,0,NaN
07:26:16,L10009,427.63,3,"L10009_2,L10009_1,L10009_0",1.54,34,115.42,36.02333333333333,34,0,NaN
07:26:18,L10009,427.63,3,"L10009_2,L10009_1,L10009_0",4.6866666666666665,34,112.31333333333335,35.586666666666666,34,0,NaN
07:26:20,L10009,427.63,3,"L10009_2,L10009_1,L10009_0",3.08,33,106.75666666666666,35.653333333333336,33,0,NaN
07:26:22,L10009,427.63,3,"L10009_2,L10009_1,L10009_0",2.31,34,106.57333333333332,35.44,34,0,NaN
07:26:24,L10009,427.63,3,"L10009_2,L10009_1,L10009_0",4.59,35,111.48666666666668,36.443333333333335,35,0,NaN
07:26:26,L10009,427.63,3,"L10009_2,L10009_1,L10009_0",2.31,35,115.45333333333332,36.61,35,0,NaN
07:26:28,L10009,427.63,3,"L10009_2,L10009_1,L10009_0",2.7533333333333334,35,118.35000000000001,36.236666666666665,35,0,NaN
07:26:30,L10009,427.63,3,"L10009_2,L10009_1,L10009_0",1.54,34,115.82666666666667,36.18666666666667,34,0,NaN
07:26:32,L10009,427.63,3,"L10009_2,L10009_1,L10009_0",1.54,34,110.57333333333332,35.79333333333334,34,0,NaN
07:26:34,L10009,427.63,3,"L10009_2,L10009_1,L10009_0",1.54,34,110.27333333333333,35.54,34,0,NaN
07:26:36,L10009,427.63,3,"L10009_2,L10009_1,L10009_0",1.54,34,116.57000000000001,35.42,34,0,NaN
07:26:38,L10009,427.63,3,"L10009_2,L10009_1,L10009_0",1.54,34,125.36666666666667,35.97,34,0,NaN
07:26:40,L10009,427.63,3,"L10009_2,L10009_1,L10009_0",1.54,34,128.34666666666666,35.53666666666667,34,0,NaN
07:26:42,L10009,427.63,3,"L10009_2,L10009_1,L10009_0",3.08,33,126.87,35.29,33,0,NaN
07:26:44,L10009,427.63,3,"L10009_2,L10009_1,L10009_0",0.0,34,125.84333333333335,34.93,34,0,NaN
07:26:46,L10009,427.63,3,"L10009_2,L10009_1,L10009_0",1.54,33,122.13333333333333,35.24666666666667,33,0,NaN
07:26:48,L10009,427.63,3,"L10009_2,L10009_1,L10009_0",1.54,34,131.48666666666665,35.88,34,0,NaN
07:26:50,L10009,427.63,3,"L10009_2,L10009_1,L10009_0",0.0,34,130.36333333333334,35.28666666666667,34,0,NaN
07:26:52,L10009,427.63,3,"L10009_2,L10009_1,L10009_0",0.77,33,128.60333333333332,34.74666666666666,33,0,NaN
07:26:54,L10009,427.63,3,"L10009_2,L10009_1,L10009_0",2.31,33,127.09333333333332,34.52333333333333,33,0,NaN
07:26:56,L10009,427.63,3,"L10009_2,L10009_1,L10009_0",2.31,33,124.48333333333335,34.57666666666667,33,0,NaN
07:26:58,L10009,427.63,3,"L10009_2,L10009_1,L10009_0",2.956666666666667,34,127.93666666666668,35.53333333333334,34,0,NaN
07:27:00,L10009,427.63,3,"L10009_2,L10009_1,L10009_0",1.54,34,130.43666666666667,35.690000000000005,34,0,NaN
07:27:02,L10009,427.63,3,"L10009_2,L10009_1,L10009_0",0.0,35,139.94,35.653333333333336,35,0,NaN
07:27:04,L10009,427.63,3,"L10009_2,L10009_1,L10009_0",0.0,33,132.78333333333333,35.63,33,0,NaN
07:27:06,L10009,427.63,3,"L10009_2,L10009_1,L10009_0",1.3566666666666667,34,130.55666666666667,35.720000000000006,34,0,NaN
07:27:08,L10009,427.63,3,"L10009_2,L10009_1,L10009_0",1.54,33,121.87333333333335,35.49,33,0,NaN
07:27:10,L10009,427.63,3,"L10009_2,L10009_1,L10009_0",1.54,35,126.92666666666666,35.32666666666667,35,0,NaN
07:27:12,L10009,427.63,3,"L10009_2,L10009_1,L10009_0",2.7600000000000002,33,125.44666666666667,35.343333333333334,33,0,NaN
07:27:14,L10009,427.63,3,"L10009_2,L10009_1,L10009_0",2.61,34,126.19666666666666,35.35,34,0,NaN
07:27:16,L10009,427.63,3,"L10009_2,L10009_1,L10009_0",2.0433333333333334,34,125.01666666666667,34.833333333333336,34,0,NaN
07:27:18,L10009,427.63,3,"L10009_2,L10009_1,L10009_0",1.54,33,125.98666666666666,34.946666666666665,33,0,NaN
07:27:20,L10009,427.63,3,"L10009_2,L10009_1,L10009_0",1.54,33,123.64666666666669,34.416666666666664,33,0,NaN
07:27:22,L10009,427.63,3,"L10009_2,L10009_1,L10009_0",1.54,32,117.5,34.163333333333334,32,0,NaN
07:27:24,L10009,427.63,3,"L10009_2,L10009_1,L10009_0",1.54,33,120.33,33.92333333333334,33,0,NaN
07:27:26,L10009,427.63,3,"L10009_2,L10009_1,L10009_0",0.77,32,118.83333333333331,34.03333333333334,32,0,NaN
07:27:28,L10009,427.63,3,"L10009_2,L10009_1,L10009_0",0.77,34,128.75666666666666,35.02,34,0,NaN
07:27:30,L10009,427.63,3,"L10009_2,L10009_1,L10009_0",0.0,33,130.35333333333332,35.07,33,0,NaN
07:27:32,L10009,427.63,3,"L10009_2,L10009_1,L10009_0",0.0,33,125.74,34.580000000000005,33,0,NaN
07:27:34,L10009,427.63,3,"L10009_2,L10009_1,L10009_0",0.77,33,116.14999999999999,34.403333333333336,33,0,NaN
07:27:36,L10009,427.63,3,"L10009_2,L10009_1,L10009_0",2.1533333333333338,32,107.38333333333334,34.39,32,0,NaN
07:27:38,L10009,427.63,3,"L10009_2,L10009_1,L10009_0",1.54,32,106.33999999999997,33.64,32,0,NaN
07:27:40,L10009,427.63,3,"L10009_2,L10009_1,L10009_0",0.77,32,104.57666666666665,33.65,32,0,NaN
07:27:42,L10009,427.63,3,"L10009_2,L10009_1,L10009_0",0.77,31,102.84666666666668,33.37666666666667,31,0,NaN
07:27:44,L10009,427.63,3,"L10009_2,L10009_1,L10009_0",0.77,32,101.40666666666665,33.31,32,0,NaN
07:27:46,L10009,427.63,3,"L10009_2,L10009_1,L10009_0",2.3800000000000003,31,97.8,33.28,31,0,NaN
07:27:48,L10009,427.63,3,"L10009_2,L10009_1,L10009_0",4.463333333333334,31,95.10666666666667,33.35666666666666,31,0,NaN
07:27:50,L10009,427.63,3,"L10009_2,L10009_1,L10009_0",1.6133333333333333,31,94.15999999999998,32.72666666666667,31,0,NaN
07:27:52,L10009,427.63,3,"L10009_2,L10009_1,L10009_0",2.31,32,95.86333333333334,32.56666666666667,32,0,NaN
07:27:54,L10009,427.63,3,"L10009_2,L10009_1,L10009_0",2.31,31,92.45666666666666,32.410000000000004,31,0,NaN
07:27:56,L10009,427.63,3,"L10009_2,L10009_1,L10009_0",3.08,32,105.02666666666666,32.63333333333333,32,0,NaN
07:27:58,L10009,427.63,3,"L10009_2,L10009_1,L10009_0",3.85,31,113.90333333333332,32.73,31,0,NaN
07:28:00,L10009,427.63,3,"L10009_2,L10009_1,L10009_0",2.4133333333333336,31,119.00333333333334,32.78666666666667,31,0,NaN
07:28:02,L10009,427.63,3,"L10009_2,L10009_1,L10009_0",3.08,32,116.83,32.74666666666667,32,0,NaN
07:28:04,L10009,427.63,3,"L10009_2,L10009_1,L10009_0",5.25,31,106.61999999999999,32.71666666666666,31,0,NaN
07:28:06,L10009,427.63,3,"L10009_2,L10009_1,L10009_0",6.206666666666666,31,103.65666666666668,32.46333333333333,31,0,NaN
07:28:08,L10009,427.63,3,"L10009_2,L10009_1,L10009_0",7.8566666666666665,30,95.64666666666666,32.449999999999996,30,0,NaN
07:28:10,L10009,427.63,3,"L10009_2,L10009_1,L10009_0",11.666666666666666,31,92.25666666666667,32.416666666666664,31,0,NaN
07:28:12,L10009,427.63,3,"L10009_2,L10009_1,L10009_0",11.633333333333333,31,92.90333333333335,32.37,31,0,NaN
07:28:14,L10009,427.63,3,"L10009_2,L10009_1,L10009_0",17.62333333333333,31,89.92333333333333,32.22,31,0,NaN
07:28:16,L10009,427.63,3,"L10009_2,L10009_1,L10009_0",26.900000000000002,30,81.74,32.31333333333333,30,0,NaN
07:28:18,L10009,427.63,3,"L10009_2,L10009_1,L10009_0",26.820000000000004,31,79.67333333333333,32.50333333333333,31,0,NaN
07:28:20,L10009,427.63,3,"L10009_2,L10009_1,L10009_0",38.74666666666667,30,75.30666666666666,32.71666666666667,30,0,NaN
07:28:22,L10009,427.63,3,"L10009_2,L10009_1,L10009_0",47.94,31,75.17333333333333,33.14666666666667,31,0,NaN
07:28:24,L10009,427.63,3,"L10009_2,L10009_1,L10009_0",52.49333333333333,31,73.12666666666668,33.26,31,0,NaN
07:28:26,L10009,427.63,3,"L10009_2,L10009_1,L10009_0",56.02333333333333,32,72.25666666666667,33.81666666666666,32,0,NaN
07:28:28,L10009,427.63,3,"L10009_2,L10009_1,L10009_0",75.49333333333334,33,76.04666666666667,35.01333333333333,33,0,NaN
07:28:30,L10009,427.63,3,"L10009_2,L10009_1,L10009_0",86.32,35,84.10666666666667,36.86666666666667,35,0,NaN
07:28:32,L10009,427.63,3,"L10009_2,L10009_1,L10009_0",90.70333333333333,35,86.67333333333333,37.57666666666666,35,0,NaN
07:28:34,L10009,427.63,3,"L10009_2,L10009_1,L10009_0",95.16666666666667,36,94.65666666666668,38.339999999999996,36,0,NaN
07:28:36,L10009,427.63,3,"L10009_2,L10009_1,L10009_0",113.08,36,93.37333333333333,38.63999999999999,36,0,NaN
07:28:38,L10009,427.63,3,"L10009_2,L10009_1,L10009_0",115.08333333333333,37,90.07000000000001,39.02333333333333,37,0,NaN
07:28:40,L10009,427.63,3,"L10009_2,L10009_1,L10009_0",129.02,37,83.74000000000001,39.269999999999996,37,0,NaN
07:28:42,L10009,427.63,3,"L10009_2,L10009_1,L10009_0",135.92333333333332,37,72.39333333333333,39.57666666666666,37,0,NaN
07:28:44,L10009,427.63,3,"L10009_2,L10009_1,L10009_0",146.04,38,65.14333333333333,40.14666666666667,38,0,NaN
07:28:46,L10009,427.63,3,"L10009_2,L10009_1,L10009_0",146.65666666666667,38,59.65333333333333,40.46,38,0,NaN
07:28:48,L10009,427.63,3,"L10009_2,L10009_1,L10009_0",167.77666666666667,38,57.97333333333333,40.96666666666667,38,0,NaN
07:28:50,L10009,427.63,3,"L10009_2,L10009_1,L10009_0",177.01,39,54.06666666666666,41.19,39,0,NaN
07:28:52,L10009,427.63,3,"L10009_2,L10009_1,L10009_0",180.59666666666666,39,52.44,41.723333333333336,39,0,NaN
07:28:54,L10009,427.63,3,"L10009_2,L10009_1,L10009_0",192.76999999999998,40,49.453333333333326,42.126666666666665,40,0,NaN
07:28:56,L10009,427.63,3,"L10009_2,L10009_1,L10009_0",197.67,40,45.73,42.85333333333333,40,0,NaN
07:28:58,L10009,427.63,3,"L10009_2,L10009_1,L10009_0",204.03,45,68.50666666666667,46.92333333333334,45,0,NaN
07:29:00,L10009,427.63,3,"L10009_2,L10009_1,L10009_0",214.72,45,67.78333333333333,48.06999999999999,45,0,NaN
07:29:02,L10009,427.63,3,"L10009_2,L10009_1,L10009_0",223.33333333333334,46,64.96333333333334,48.45666666666667,46,0,NaN
07:29:04,L10009,427.63,3,"L10009_2,L10009_1,L10009_0",234.15666666666667,45,53.39666666666667,48.56333333333333,45,0,NaN
07:29:06,L10009,427.63,3,"L10009_2,L10009_1,L10009_0",245.64666666666668,46,45.93333333333333,49.20666666666667,46,0,NaN
07:29:08,L10009,427.63,3,"L10009_2,L10009_1,L10009_0",251.77666666666664,46,38.28666666666666,49.29,46,0,NaN
07:29:10,L10009,427.63,3,"L10009_2,L10009_1,L10009_0",252.42666666666665,47,31.569999999999997,49.703333333333326,47,0,NaN
07:29:12,L10009,427.63,3,"L10009_2,L10009_1,L10009_0",255.49666666666667,47,29.683333333333334,50.04666666666666,47,0,NaN
07:29:14,L10009,427.63,3,"L10009_2,L10009_1,L10009_0",257.6033333333333,47,26.186666666666667,50.296666666666674,47,0,NaN
07:29:16,L10009,427.63,3,"L10009_2,L10009_1,L10009_0",262.6133333333333,47,21.003333333333334,50.41,47,0,NaN
07:29:18,L10009,427.63,3,"L10009_2,L10009_1,L10009_0",266.85333333333335,48,16.883333333333333,50.69333333333333,48,0,NaN
07:29:20,L10009,427.63,3,"L10009_2,L10009_1,L10009_0",264.50333333333333,48,14.436666666666667,50.98333333333333,48,0,NaN
07:29:22,L10009,427.63,3,"L10009_2,L10009_1,L10009_0",286.00666666666666,48,13.6,51.10999999999999,48,0,NaN
07:29:24,L10009,427.63,3,"L10009_2,L10009_1,L10009_0",298.53000000000003,48,12.383333333333333,51.379999999999995,48,0,NaN
07:29:26,L10009,427.63,3,"L10009_2,L10009_1,L10009_0",311.27,48,12.64,51.69,48,0,NaN
07:29:28,L10009,427.63,3,"L10009_2,L10009_1,L10009_0",315.82,49,12.076666666666666,51.906666666666666,49,0,NaN
07:29:30,L10009,427.63,3,"L10009_2,L10009_1,L10009_0",316.95,49,11.073333333333332,52.16333333333333,49,0,NaN
07:29:32,L10009,427.63,3,"L10009_2,L10009_1,L10009_0",318.66,49,13.12,52.54666666666666,49,0,NaN
07:29:34,L10009,427.63,3,"L10009_2,L10009_1,L10009_0",319.59,50,15.486666666666666,53.57333333333333,50,0,NaN
07:29:36,L10009,427.63,3,"L10009_2,L10009_1,L10009_0",321.78,51,23.253333333333334,54.43333333333333,51,0,NaN
07:29:38,L10009,427.63,3,"L10009_2,L10009_1,L10009_0",324.12,51,25.86,54.870000000000005,51,0,NaN
07:29:40,L10009,427.63,3,"L10009_2,L10009_1,L10009_0",325.17333333333335,51,21.38,55.080000000000005,51,0,NaN
07:29:42,L10009,427.63,3,"L10009_2,L10009_1,L10009_0",327.4866666666667,51,15.743333333333332,55.35333333333333,51,0,NaN
07:29:44,L10009,427.63,3,"L10009_2,L10009_1,L10009_0",329.81666666666666,52,11.949999999999998,55.629999999999995,52,0,NaN
07:29:46,L10009,427.63,3,"L10009_2,L10009_1,L10009_0",330.91,53,9.376666666666667,55.85666666666666,53,0,NaN
07:29:48,L10009,427.63,3,"L10009_2,L10009_1,L10009_0",335.67,52,7.98,56.11333333333334,52,0,NaN
07:29:50,L10009,427.63,3,"L10009_2,L10009_1,L10009_0",343.76,53,8.673333333333334,56.54333333333333,53,0,NaN
07:29:52,L10009,427.63,3,"L10009_2,L10009_1,L10009_0",347.21000000000004,55,13.363333333333335,57.903333333333336,55,0,NaN
07:29:54,L10009,427.63,3,"L10009_2,L10009_1,L10009_0",349.53333333333336,55,18.37,59.076666666666675,55,0,NaN
07:29:56,L10009,427.63,3,"L10009_2,L10009_1,L10009_0",351.93666666666667,56,17.210000000000004,59.693333333333335,56,0,NaN
07:29:58,L10009,427.63,3,"L10009_2,L10009_1,L10009_0",356.6133333333333,56,11.969999999999999,59.86333333333334,56,0,NaN
07:30:00,L10009,427.63,3,"L10009_2,L10009_1,L10009_0",361.34999999999997,56,7.05,60.08666666666667,56,0,NaN
07:30:02,L10009,427.63,3,"L10009_2,L10009_1,L10009_0",363.7066666666667,57,7.183333333333334,60.63,57,0,NaN
07:30:04,L10009,427.63,3,"L10009_2,L10009_1,L10009_0",369.48333333333335,57,7.670000000000001,60.906666666666666,57,0,NaN
07:30:06,L10009,427.63,3,"L10009_2,L10009_1,L10009_0",370.57,57,6.246666666666666,61.24666666666666,57,0,NaN
07:30:08,L10009,427.63,3,"L10009_2,L10009_1,L10009_0",381.00333333333333,58,4.546666666666667,61.54999999999999,58,0,NaN
07:30:10,L10009,427.63,3,"L10009_2,L10009_1,L10009_0",383.33666666666664,57,4.52,61.81,57,0,NaN
07:30:12,L10009,427.63,3,"L10009_2,L10009_1,L10009_0",384.47666666666663,58,3.7399999999999998,61.97,58,0,NaN
07:30:14,L10009,427.63,3,"L10009_2,L10009_1,L10009_0",387.9666666666667,58,1.9500000000000002,62.21666666666667,58,1,NaN
07:30:16,L10009,427.63,3,"L10009_2,L10009_1,L10009_0",391.48,58,3.41,62.43333333333333,58,0,NaN
07:30:18,L10009,427.63,3,"L10009_2,L10009_1,L10009_0",391.45666666666665,59,4.216666666666667,62.91,59,0,NaN
07:30:20,L10009,427.63,3,"L10009_2,L10009_1,L10009_0",392.66333333333336,59,3.2266666666666666,63.22,59,0,NaN
07:30:22,L10009,427.63,3,"L10009_2,L10009_1,L10009_0",397.43333333333334,59,2.566666666666667,63.34666666666667,59,0,NaN
07:30:24,L10009,427.63,3,"L10009_2,L10009_1,L10009_0",398.52333333333337,59,2.22,63.68666666666667,59,0,NaN
07:30:26,L10009,427.63,3,"L10009_2,L10009_1,L10009_0",399.62999999999994,60,1.9233333333333336,63.88999999999999,60,1,NaN
07:30:28,L10009,427.63,3,"L10009_2,L10009_1,L10009_0",400.7833333333333,60,2.6799999999999997,64.40666666666667,60,0,NaN
07:30:30,L10009,427.63,3,"L10009_2,L10009_1,L10009_0",403.20666666666665,61,2.1633333333333336,64.89666666666666,61,0,NaN
07:30:32,L10009,427.63,3,"L10009_2,L10009_1,L10009_0",404.99333333333334,60,0.4033333333333333,64.90666666666667,60,1,NaN
07:30:34,L10009,427.63,3,"L10009_2,L10009_1,L10009_0",406.85666666666674,60,0.0,64.91,60,2,NaN
07:30:36,L10009,427.63,3,"L10009_2,L10009_1,L10009_0",406.85666666666674,60,0.0,64.91333333333333,60,2,NaN
07:30:38,L10009,427.63,3,"L10009_2,L10009_1,L10009_0",406.85666666666674,60,0.0,64.91333333333333,60,2,NaN
07:30:40,L10009,427.63,3,"L10009_2,L10009_1,L10009_0",406.85666666666674,60,0.0,64.91333333333333,60,2,NaN
07:30:42,L10009,427.63,3,"L10009_2,L10009_1,L10009_0",406.85666666666674,60,0.0,64.91333333333333,60,2,NaN
07:30:44,L10009,427.63,3,"L10009_2,L10009_1,L10009_0",406.85666666666674,60,0.0,64.91333333333333,60,2,NaN
07:30:46,L10009,427.63,3,"L10009_2,L10009_1,L10009_0",406.85666666666674,60,0.0,64.91333333333333,60,2,NaN
07:30:48,L10009,427.63,3,"L10009_2,L10009_1,L10009_0",406.85666666666674,60,0.0,64.91333333333333,60,2,NaN
07:30:50,L10009,427.63,3,"L10009_2,L10009_1,L10009_0",406.85666666666674,60,0.0,64.91333333333333,60,2,NaN
07:30:52,L10009,427.63,3,"L10009_2,L10009_1,L10009_0",406.85666666666674,60,0.0,64.91333333333333,60,2,NaN
07:30:54,L10009,427.63,3,"L10009_2,L10009_1,L10009_0",406.85666666666674,60,0.0,64.91333333333333,60,2,NaN
07:30:56,L10009,427.63,3,"L10009_2,L10009_1,L10009_0",406.85666666666674,60,0.0,64.91333333333333,60,2,NaN
07:30:58,L10009,427.63,3,"L10009_2,L10009_1,L10009_0",406.85666666666674,60,0.0,64.91333333333333,60,2,NaN
07:31:00,L10009,427.63,3,"L10009_2,L10009_1,L10009_0",406.85666666666674,60,0.0,64.91333333333333,60,2,NaN
07:31:02,L10009,427.63,3,"L10009_2,L10009_1,L10009_0",406.85666666666674,60,0.0,64.91333333333333,60,2,NaN
07:31:04,L10009,427.63,3,"L10009_2,L10009_1,L10009_0",406.85666666666674,60,0.0,64.91333333333333,60,2,NaN
07:31:06,L10009,427.63,3,"L10009_2,L10009_1,L10009_0",406.85666666666674,60,0.0,64.91333333333333,60,2,NaN
07:31:08,L10009,427.63,3,"L10009_2,L10009_1,L10009_0",406.85666666666674,60,0.0,64.91333333333333,60,2,NaN
07:31:10,L10009,427.63,3,"L10009_2,L10009_1,L10009_0",406.85666666666674,60,0.0,64.91333333333333,60,2,NaN
07:31:12,L10009,427.63,3,"L10009_2,L10009_1,L10009_0",406.85666666666674,60,0.0,64.91333333333333,60,2,NaN
07:31:14,L10009,427.63,3,"L10009_2,L10009_1,L10009_0",406.85666666666674,60,0.0,64.91333333333333,60,2,NaN
07:31:16,L10009,427.63,3,"L10009_2,L10009_1,L10009_0",406.85666666666674,60,0.0,64.91333333333333,60,2,NaN
07:31:18,L10009,427.63,3,"L10009_2,L10009_1,L10009_0",406.85666666666674,60,0.0,64.91333333333333,60,2,NaN
07:31:20,L10009,427.63,3,"L10009_2,L10009_1,L10009_0",406.85666666666674,60,0.0,64.91333333333333,60,2,NaN
07:31:22,L10009,427.63,3,"L10009_2,L10009_1,L10009_0",406.85666666666674,60,0.0,64.91333333333333,60,2,NaN
07:31:24,L10009,427.63,3,"L10009_2,L10009_1,L10009_0",406.85666666666674,60,0.0,64.91333333333333,60,2,NaN
07:31:26,L10009,427.63,3,"L10009_2,L10009_1,L10009_0",406.85666666666674,60,0.0,64.91333333333333,60,2,NaN
07:31:28,L10009,427.63,3,"L10009_2,L10009_1,L10009_0",406.85666666666674,60,0.0,64.91333333333333,60,2,NaN
07:31:30,L10009,427.63,3,"L10009_2,L10009_1,L10009_0",406.85666666666674,60,0.0,64.91333333333333,60,2,NaN
07:31:32,L10009,427.63,3,"L10009_2,L10009_1,L10009_0",406.85666666666674,60,0.0,64.91333333333333,60,2,NaN
07:31:34,L10009,427.63,3,"L10009_2,L10009_1,L10009_0",406.85666666666674,60,0.0,64.91333333333333,60,2,NaN
07:31:36,L10009,427.63,3,"L10009_2,L10009_1,L10009_0",406.85666666666674,60,0.0,64.91333333333333,60,2,NaN
07:31:38,L10009,427.63,3,"L10009_2,L10009_1,L10009_0",406.85666666666674,60,0.0,64.91333333333333,60,2,NaN
07:31:40,L10009,427.63,3,"L10009_2,L10009_1,L10009_0",406.85666666666674,60,0.0,64.91333333333333,60,2,NaN
07:31:42,L10009,427.63,3,"L10009_2,L10009_1,L10009_0",406.85666666666674,60,0.0,64.91333333333333,60,2,NaN
07:31:44,L10009,427.63,3,"L10009_2,L10009_1,L10009_0",406.85666666666674,60,0.0,64.91333333333333,60,2,NaN
07:31:46,L10009,427.63,3,"L10009_2,L10009_1,L10009_0",406.85666666666674,60,0.0,64.91333333333333,60,2,NaN
07:31:48,L10009,427.63,3,"L10009_2,L10009_1,L10009_0",406.85666666666674,60,0.0,64.91333333333333,60,2,NaN
07:31:50,L10009,427.63,3,"L10009_2,L10009_1,L10009_0",406.85666666666674,60,0.0,64.91333333333333,60,2,NaN
07:31:52,L10009,427.63,3,"L10009_2,L10009_1,L10009_0",406.85666666666674,60,0.0,64.91333333333333,60,2,NaN
07:31:54,L10009,427.63,3,"L10009_2,L10009_1,L10009_0",406.85666666666674,60,0.0,64.91333333333333,60,2,NaN
07:31:56,L10009,427.63,3,"L10009_2,L10009_1,L10009_0",406.85666666666674,60,0.0,64.91333333333333,60,2,NaN
07:31:58,L10009,427.63,3,"L10009_2,L10009_1,L10009_0",406.85666666666674,60,0.0,64.91333333333333,60,2,NaN
07:32:00,L10009,427.63,3,"L10009_2,L10009_1,L10009_0",406.85666666666674,60,0.0,64.91333333333333,60,2,NaN
07:32:02,L10009,427.63,3,"L10009_2,L10009_1,L10009_0",406.85666666666674,60,0.0,64.91333333333333,60,2,NaN
07:32:04,L10009,427.63,3,"L10009_2,L10009_1,L10009_0",406.85666666666674,60,0.0,64.91333333333333,60,2,NaN
07:32:06,L10009,427.63,3,"L10009_2,L10009_1,L10009_0",406.85666666666674,60,0.0,64.91333333333333,60,2,NaN
07:32:08,L10009,427.63,3,"L10009_2,L10009_1,L10009_0",406.85666666666674,60,0.0,64.91333333333333,60,2,NaN
07:32:10,L10009,427.63,3,"L10009_2,L10009_1,L10009_0",406.85666666666674,60,0.0,64.91333333333333,60,2,NaN
07:32:12,L10009,427.63,3,"L10009_2,L10009_1,L10009_0",406.85666666666674,60,0.0,64.91333333333333,60,2,NaN
07:32:14,L10009,427.63,3,"L10009_2,L10009_1,L10009_0",406.85666666666674,60,0.0,64.91333333333333,60,2,NaN
07:32:16,L10009,427.63,3,"L10009_2,L10009_1,L10009_0",406.85666666666674,60,0.0,64.91333333333333,60,2,NaN
07:32:18,L10009,427.63,3,"L10009_2,L10009_1,L10009_0",406.85666666666674,60,0.0,64.91333333333333,60,2,NaN
07:32:20,L10009,427.63,3,"L10009_2,L10009_1,L10009_0",406.85666666666674,60,0.0,64.91333333333333,60,2,NaN
07:32:22,L10009,427.63,3,"L10009_2,L10009_1,L10009_0",406.85666666666674,60,0.0,64.91333333333333,60,2,NaN
07:32:24,L10009,427.63,3,"L10009_2,L10009_1,L10009_0",406.85666666666674,60,0.0,64.91333333333333,60,2,NaN
07:32:26,L10009,427.63,3,"L10009_2,L10009_1,L10009_0",406.85666666666674,60,0.0,64.91333333333333,60,2,NaN
07:32:28,L10009,427.63,3,"L10009_2,L10009_1,L10009_0",406.85666666666674,60,0.0,64.91333333333333,60,2,NaN
07:32:30,L10009,427.63,3,"L10009_2,L10009_1,L10009_0",406.85666666666674,60,0.0,64.91333333333333,60,2,NaN
07:32:32,L10009,427.63,3,"L10009_2,L10009_1,L10009_0",406.85666666666674,60,0.0,64.91333333333333,60,2,NaN
07:32:34,L10009,427.63,3,"L10009_2,L10009_1,L10009_0",406.85666666666674,60,0.0,64.91333333333333,60,2,NaN
07:32:36,L10009,427.63,3,"L10009_2,L10009_1,L10009_0",406.85666666666674,60,0.0,64.91333333333333,60,2,NaN
07:32:38,L10009,427.63,3,"L10009_2,L10009_1,L10009_0",406.85666666666674,60,0.0,64.91333333333333,60,2,NaN
07:32:40,L10009,427.63,3,"L10009_2,L10009_1,L10009_0",406.85666666666674,60,0.0,64.91333333333333,60,2,NaN
07:32:42,L10009,427.63,3,"L10009_2,L10009_1,L10009_0",406.85666666666674,60,0.0,64.91333333333333,60,2,NaN
07:32:44,L10009,427.63,3,"L10009_2,L10009_1,L10009_0",406.85666666666674,60,0.0,64.91333333333333,60,2,NaN
07:32:46,L10009,427.63,3,"L10009_2,L10009_1,L10009_0",406.85666666666674,60,0.0,64.91333333333333,60,2,NaN
07:32:48,L10009,427.63,3,"L10009_2,L10009_1,L10009_0",406.85666666666674,60,0.0,64.91333333333333,60,2,NaN
07:32:50,L10009,427.63,3,"L10009_2,L10009_1,L10009_0",406.85666666666674,60,0.0,64.91333333333333,60,2,NaN
07:32:52,L10009,427.63,3,"L10009_2,L10009_1,L10009_0",406.85666666666674,60,0.0,64.91333333333333,60,2,NaN
07:32:54,L10009,427.63,3,"L10009_2,L10009_1,L10009_0",406.85666666666674,60,0.0,64.91333333333333,60,2,NaN
07:32:56,L10009,427.63,3,"L10009_2,L10009_1,L10009_0",406.85666666666674,60,0.0,64.91333333333333,60,2,NaN
07:32:58,L10009,427.63,3,"L10009_2,L10009_1,L10009_0",406.85666666666674,60,0.0,64.91333333333333,60,2,NaN
07:33:00,L10009,427.63,3,"L10009_2,L10009_1,L10009_0",406.85666666666674,60,0.0,64.91333333333333,60,2,NaN
07:33:02,L10009,427.63,3,"L10009_2,L10009_1,L10009_0",406.85666666666674,60,0.0,64.91333333333333,60,2,NaN
07:33:04,L10009,427.63,3,"L10009_2,L10009_1,L10009_0",406.85666666666674,60,0.0,64.91333333333333,60,2,NaN
07:33:06,L10009,427.63,3,"L10009_2,L10009_1,L10009_0",406.85666666666674,60,0.0,64.91333333333333,60,2,NaN
07:33:08,L10009,427.63,3,"L10009_2,L10009_1,L10009_0",406.85666666666674,60,0.0,64.91333333333333,60,2,NaN
07:33:10,L10009,427.63,3,"L10009_2,L10009_1,L10009_0",406.85666666666674,60,0.0,64.91333333333333,60,2,NaN
07:33:12,L10009,427.63,3,"L10009_2,L10009_1,L10009_0",406.85666666666674,60,0.0,64.91333333333333,60,2,NaN
07:33:14,L10009,427.63,3,"L10009_2,L10009_1,L10009_0",406.85666666666674,60,0.0,64.91333333333333,60,2,NaN
07:33:16,L10009,427.63,3,"L10009_2,L10009_1,L10009_0",406.85666666666674,60,0.0,64.91333333333333,60,2,NaN
07:33:18,L10009,427.63,3,"L10009_2,L10009_1,L10009_0",406.85666666666674,60,0.0,64.91333333333333,60,2,NaN
07:33:20,L10009,427.63,3,"L10009_2,L10009_1,L10009_0",406.85666666666674,60,0.0,64.91333333333333,60,2,NaN
07:33:22,L10009,427.63,3,"L10009_2,L10009_1,L10009_0",406.85666666666674,60,0.0,64.91333333333333,60,2,NaN
07:33:24,L10009,427.63,3,"L10009_2,L10009_1,L10009_0",406.85666666666674,60,0.0,64.91333333333333,60,2,NaN
07:33:26,L10009,427.63,3,"L10009_2,L10009_1,L10009_0",406.85666666666674,60,0.0,64.91333333333333,60,2,NaN
07:33:28,L10009,427.63,3,"L10009_2,L10009_1,L10009_0",406.85666666666674,60,0.0,64.91333333333333,60,2,NaN
07:33:30,L10009,427.63,3,"L10009_2,L10009_1,L10009_0",406.85666666666674,60,0.0,64.91333333333333,60,2,NaN
07:33:32,L10009,427.63,3,"L10009_2,L10009_1,L10009_0",406.85666666666674,60,0.0,64.91333333333333,60,2,NaN
07:33:34,L10009,427.63,3,"L10009_2,L10009_1,L10009_0",406.85666666666674,60,0.0,64.91333333333333,60,2,NaN
07:33:36,L10009,427.63,3,"L10009_2,L10009_1,L10009_0",406.85666666666674,60,0.0,64.91333333333333,60,2,NaN
07:33:38,L10009,427.63,3,"L10009_2,L10009_1,L10009_0",406.85666666666674,60,0.0,64.91333333333333,60,2,NaN
07:33:40,L10009,427.63,3,"L10009_2,L10009_1,L10009_0",406.85666666666674,60,0.0,64.91333333333333,60,2,NaN
07:33:42,L10009,427.63,3,"L10009_2,L10009_1,L10009_0",406.85666666666674,60,0.0,64.91333333333333,60,2,NaN
07:33:44,L10009,427.63,3,"L10009_2,L10009_1,L10009_0",406.85666666666674,60,0.0,64.91333333333333,60,2,NaN
07:33:46,L10009,427.63,3,"L10009_2,L10009_1,L10009_0",406.85666666666674,60,0.0,64.91333333333333,60,2,NaN
07:33:48,L10009,427.63,3,"L10009_2,L10009_1,L10009_0",406.85666666666674,60,0.0,64.91333333333333,60,2,NaN
07:33:50,L10009,427.63,3,"L10009_2,L10009_1,L10009_0",406.85666666666674,60,0.0,64.91333333333333,60,2,NaN
07:33:52,L10009,427.63,3,"L10009_2,L10009_1,L10009_0",406.85666666666674,60,0.0,64.91333333333333,60,2,NaN
07:33:54,L10009,427.63,3,"L10009_2,L10009_1,L10009_0",406.85666666666674,60,0.0,64.91333333333333,60,2,NaN
07:33:56,L10009,427.63,3,"L10009_2,L10009_1,L10009_0",406.85666666666674,60,0.0,64.91333333333333,60,2,NaN
07:33:58,L10009,427.63,3,"L10009_2,L10009_1,L10009_0",406.85666666666674,60,0.0,64.91333333333333,60,2,NaN
07:34:00,L10009,427.63,3,"L10009_2,L10009_1,L10009_0",406.85666666666674,60,0.0,64.91333333333333,60,2,NaN
07:34:02,L10009,427.63,3,"L10009_2,L10009_1,L10009_0",406.85666666666674,60,0.0,64.91333333333333,60,2,NaN
07:34:04,L10009,427.63,3,"L10009_2,L10009_1,L10009_0",406.85666666666674,60,0.0,64.91333333333333,60,2,NaN
07:34:06,L10009,427.63,3,"L10009_2,L10009_1,L10009_0",406.85666666666674,60,0.0,64.91333333333333,60,2,NaN
07:34:08,L10009,427.63,3,"L10009_2,L10009_1,L10009_0",406.85666666666674,60,0.0,64.91333333333333,60,2,NaN
07:34:10,L10009,427.63,3,"L10009_2,L10009_1,L10009_0",406.85666666666674,60,0.0,64.91333333333333,60,2,NaN
07:34:12,L10009,427.63,3,"L10009_2,L10009_1,L10009_0",406.85666666666674,60,0.0,64.91333333333333,60,2,NaN
07:34:14,L10009,427.63,3,"L10009_2,L10009_1,L10009_0",406.85666666666674,60,0.0,64.91333333333333,60,2,NaN
07:34:16,L10009,427.63,3,"L10009_2,L10009_1,L10009_0",406.85666666666674,60,0.0,64.91333333333333,60,2,NaN
07:34:18,L10009,427.63,3,"L10009_2,L10009_1,L10009_0",406.85666666666674,60,0.0,64.91333333333333,60,2,NaN
07:34:20,L10009,427.63,3,"L10009_2,L10009_1,L10009_0",406.85666666666674,60,0.0,64.91333333333333,60,2,NaN
07:34:22,L10009,427.63,3,"L10009_2,L10009_1,L10009_0",406.85666666666674,60,0.0,64.91333333333333,60,2,NaN
07:34:24,L10009,427.63,3,"L10009_2,L10009_1,L10009_0",406.85666666666674,60,0.0,64.91333333333333,60,2,NaN
07:34:26,L10009,427.63,3,"L10009_2,L10009_1,L10009_0",406.85666666666674,60,0.0,64.91333333333333,60,2,NaN
07:34:28,L10009,427.63,3,"L10009_2,L10009_1,L10009_0",406.85666666666674,60,0.0,64.91333333333333,60,2,NaN
07:34:30,L10009,427.63,3,"L10009_2,L10009_1,L10009_0",406.85666666666674,60,0.0,64.91333333333333,60,2,NaN
07:34:32,L10009,427.63,3,"L10009_2,L10009_1,L10009_0",406.85666666666674,60,0.0,64.91333333333333,60,2,NaN
07:34:34,L10009,427.63,3,"L10009_2,L10009_1,L10009_0",406.85666666666674,60,0.0,64.91333333333333,60,2,NaN
07:34:36,L10009,427.63,3,"L10009_2,L10009_1,L10009_0",406.85666666666674,60,0.0,64.91333333333333,60,2,NaN
07:34:38,L10009,427.63,3,"L10009_2,L10009_1,L10009_0",406.85666666666674,60,0.0,64.91333333333333,60,2,NaN
07:34:40,L10009,427.63,3,"L10009_2,L10009_1,L10009_0",406.85666666666674,60,0.0,64.91333333333333,60,2,NaN
07:34:42,L10009,427.63,3,"L10009_2,L10009_1,L10009_0",406.85666666666674,60,0.0,64.91333333333333,60,2,NaN
07:34:44,L10009,427.63,3,"L10009_2,L10009_1,L10009_0",406.85666666666674,60,0.0,64.91333333333333,60,2,NaN
07:34:46,L10009,427.63,3,"L10009_2,L10009_1,L10009_0",406.85666666666674,60,0.0,64.91333333333333,60,2,NaN
07:34:48,L10009,427.63,3,"L10009_2,L10009_1,L10009_0",406.85666666666674,60,0.0,64.91333333333333,60,2,NaN
07:34:50,L10009,427.63,3,"L10009_2,L10009_1,L10009_0",406.85666666666674,60,0.0,64.91333333333333,60,2,NaN
07:34:52,L10009,427.63,3,"L10009_2,L10009_1,L10009_0",406.85666666666674,60,0.0,64.91333333333333,60,2,NaN
07:34:54,L10009,427.63,3,"L10009_2,L10009_1,L10009_0",406.85666666666674,60,0.0,64.91333333333333,60,2,NaN
07:34:56,L10009,427.63,3,"L10009_2,L10009_1,L10009_0",406.85666666666674,60,0.0,64.91333333333333,60,2,NaN
07:34:58,L10009,427.63,3,"L10009_2,L10009_1,L10009_0",406.85666666666674,60,0.0,64.91333333333333,60,2,NaN
07:35:00,L10009,427.63,3,"L10009_2,L10009_1,L10009_0",406.85666666666674,60,0.0,64.91333333333333,60,2,NaN
07:35:02,L10009,427.63,3,"L10009_2,L10009_1,L10009_0",406.85666666666674,60,0.0,64.91333333333333,60,2,NaN
07:35:04,L10009,427.63,3,"L10009_2,L10009_1,L10009_0",406.85666666666674,60,0.0,64.91333333333333,60,2,NaN
07:35:06,L10009,427.63,3,"L10009_2,L10009_1,L10009_0",406.85666666666674,60,0.0,64.91333333333333,60,2,NaN
07:35:08,L10009,427.63,3,"L10009_2,L10009_1,L10009_0",406.85666666666674,60,0.0,64.91333333333333,60,2,NaN
07:35:10,L10009,427.63,3,"L10009_2,L10009_1,L10009_0",406.85666666666674,60,0.0,64.91333333333333,60,2,NaN
07:35:12,L10009,427.63,3,"L10009_2,L10009_1,L10009_0",406.85666666666674,60,0.0,64.91333333333333,60,2,NaN
07:35:14,L10009,427.63,3,"L10009_2,L10009_1,L10009_0",406.85666666666674,60,0.0,64.91333333333333,60,2,NaN
07:35:16,L10009,427.63,3,"L10009_2,L10009_1,L10009_0",406.85666666666674,60,0.0,64.91333333333333,60,2,NaN
07:35:18,L10009,427.63,3,"L10009_2,L10009_1,L10009_0",406.85666666666674,60,0.0,64.91333333333333,60,2,NaN
07:35:20,L10009,427.63,3,"L10009_2,L10009_1,L10009_0",406.85666666666674,60,0.0,64.91333333333333,60,2,NaN
07:35:22,L10009,427.63,3,"L10009_2,L10009_1,L10009_0",406.85666666666674,60,0.0,64.91333333333333,60,2,NaN
07:35:24,L10009,427.63,3,"L10009_2,L10009_1,L10009_0",406.85666666666674,60,0.0,64.91333333333333,60,2,NaN
07:35:26,L10009,427.63,3,"L10009_2,L10009_1,L10009_0",406.85666666666674,60,0.0,64.91333333333333,60,2,NaN
07:35:28,L10009,427.63,3,"L10009_2,L10009_1,L10009_0",406.85666666666674,60,0.0,64.91333333333333,60,2,NaN
07:35:30,L10009,427.63,3,"L10009_2,L10009_1,L10009_0",406.85666666666674,60,0.0,64.91333333333333,60,2,NaN
07:35:32,L10009,427.63,3,"L10009_2,L10009_1,L10009_0",406.85666666666674,60,0.0,64.91333333333333,60,2,NaN
07:35:34,L10009,427.63,3,"L10009_2,L10009_1,L10009_0",406.85666666666674,60,0.0,64.91333333333333,60,2,NaN
07:35:36,L10009,427.63,3,"L10009_2,L10009_1,L10009_0",406.85666666666674,60,0.0,64.91333333333333,60,2,NaN
07:35:38,L10009,427.63,3,"L10009_2,L10009_1,L10009_0",406.85666666666674,60,0.0,64.91333333333333,60,2,NaN
07:35:40,L10009,427.63,3,"L10009_2,L10009_1,L10009_0",406.85666666666674,60,0.0,64.91333333333333,60,2,NaN
07:35:42,L10009,427.63,3,"L10009_2,L10009_1,L10009_0",406.85666666666674,60,0.0,64.91333333333333,60,2,NaN
07:35:44,L10009,427.63,3,"L10009_2,L10009_1,L10009_0",406.85666666666674,60,0.0,64.91333333333333,60,2,NaN
07:35:46,L10009,427.63,3,"L10009_2,L10009_1,L10009_0",406.85666666666674,60,0.0,64.91333333333333,60,2,NaN
07:35:48,L10009,427.63,3,"L10009_2,L10009_1,L10009_0",406.85666666666674,60,0.0,64.91333333333333,60,2,NaN
07:35:50,L10009,427.63,3,"L10009_2,L10009_1,L10009_0",406.85666666666674,60,0.0,64.91333333333333,60,2,NaN
07:35:52,L10009,427.63,3,"L10009_2,L10009_1,L10009_0",406.85666666666674,60,0.0,64.91333333333333,60,2,NaN
07:35:54,L10009,427.63,3,"L10009_2,L10009_1,L10009_0",406.85666666666674,60,0.0,64.91333333333333,60,2,NaN
07:35:56,L10009,427.63,3,"L10009_2,L10009_1,L10009_0",406.85666666666674,60,0.0,64.91333333333333,60,2,NaN
07:35:58,L10009,427.63,3,"L10009_2,L10009_1,L10009_0",406.85666666666674,60,0.0,64.91333333333333,60,2,NaN
07:36:00,L10009,427.63,3,"L10009_2,L10009_1,L10009_0",406.85666666666674,60,0.0,64.91333333333333,60,2,NaN
07:36:02,L10009,427.63,3,"L10009_2,L10009_1,L10009_0",406.85666666666674,60,0.0,64.91333333333333,60,2,NaN
07:36:04,L10009,427.63,3,"L10009_2,L10009_1,L10009_0",406.85666666666674,60,0.0,64.91333333333333,60,2,NaN
07:36:06,L10009,427.63,3,"L10009_2,L10009_1,L10009_0",406.85666666666674,60,0.0,64.91333333333333,60,2,NaN
07:36:08,L10009,427.63,3,"L10009_2,L10009_1,L10009_0",406.85666666666674,60,0.0,64.91333333333333,60,2,NaN
07:36:10,L10009,427.63,3,"L10009_2,L10009_1,L10009_0",406.85666666666674,60,0.0,64.91333333333333,60,2,NaN
07:36:12,L10009,427.63,3,"L10009_2,L10009_1,L10009_0",406.85666666666674,60,0.0,64.91333333333333,60,2,NaN
07:36:14,L10009,427.63,3,"L10009_2,L10009_1,L10009_0",406.85666666666674,60,0.0,64.91333333333333,60,2,NaN
07:36:16,L10009,427.63,3,"L10009_2,L10009_1,L10009_0",406.85666666666674,60,0.0,64.91333333333333,60,2,NaN
07:36:18,L10009,427.63,3,"L10009_2,L10009_1,L10009_0",406.85666666666674,60,0.0,64.91333333333333,60,2,NaN
07:36:20,L10009,427.63,3,"L10009_2,L10009_1,L10009_0",406.85666666666674,60,0.0,64.91333333333333,60,2,NaN
07:36:22,L10009,427.63,3,"L10009_2,L10009_1,L10009_0",406.85666666666674,60,0.0,64.91333333333333,60,2,NaN
07:36:24,L10009,427.63,3,"L10009_2,L10009_1,L10009_0",406.85666666666674,60,0.0,64.91333333333333,60,2,NaN
07:36:26,L10009,427.63,3,"L10009_2,L10009_1,L10009_0",406.85666666666674,60,0.0,64.91333333333333,60,2,NaN
07:36:28,L10009,427.63,3,"L10009_2,L10009_1,L10009_0",406.85666666666674,60,0.0,64.91333333333333,60,2,NaN
07:36:30,L10009,427.63,3,"L10009_2,L10009_1,L10009_0",406.85666666666674,60,0.0,64.91333333333333,60,2,NaN
07:36:32,L10009,427.63,3,"L10009_2,L10009_1,L10009_0",406.85666666666674,60,0.0,64.91333333333333,60,2,NaN
07:36:34,L10009,427.63,3,"L10009_2,L10009_1,L10009_0",406.85666666666674,60,0.0,64.91333333333333,60,2,NaN
07:36:36,L10009,427.63,3,"L10009_2,L10009_1,L10009_0",406.85666666666674,60,0.0,64.91333333333333,60,2,NaN
07:36:38,L10009,427.63,3,"L10009_2,L10009_1,L10009_0",406.85666666666674,60,0.0,64.91333333333333,60,2,NaN
07:36:40,L10009,427.63,3,"L10009_2,L10009_1,L10009_0",406.85666666666674,60,0.0,64.91333333333333,60,2,NaN
07:36:42,L10009,427.63,3,"L10009_2,L10009_1,L10009_0",406.85666666666674,60,0.0,64.91333333333333,60,2,NaN
07:36:44,L10009,427.63,3,"L10009_2,L10009_1,L10009_0",406.85666666666674,60,0.0,64.91333333333333,60,2,NaN
07:36:46,L10009,427.63,3,"L10009_2,L10009_1,L10009_0",406.85666666666674,60,0.0,64.91333333333333,60,2,NaN
07:36:48,L10009,427.63,3,"L10009_2,L10009_1,L10009_0",406.85666666666674,60,0.0,64.91333333333333,60,2,NaN
07:36:50,L10009,427.63,3,"L10009_2,L10009_1,L10009_0",406.85666666666674,60,0.0,64.91333333333333,60,2,NaN
07:36:52,L10009,427.63,3,"L10009_2,L10009_1,L10009_0",406.85666666666674,60,0.0,64.91333333333333,60,2,NaN
07:36:54,L10009,427.63,3,"L10009_2,L10009_1,L10009_0",406.85666666666674,60,0.0,64.91333333333333,60,2,NaN
07:36:56,L10009,427.63,3,"L10009_2,L10009_1,L10009_0",406.85666666666674,60,0.0,64.91333333333333,60,2,NaN
07:36:58,L10009,427.63,3,"L10009_2,L10009_1,L10009_0",406.85666666666674,60,0.0,64.91333333333333,60,2,NaN
07:37:00,L10009,427.63,3,"L10009_2,L10009_1,L10009_0",406.85666666666674,60,0.0,64.91333333333333,60,2,NaN
07:37:02,L10009,427.63,3,"L10009_2,L10009_1,L10009_0",406.85666666666674,60,0.0,64.91333333333333,60,2,NaN
07:37:04,L10009,427.63,3,"L10009_2,L10009_1,L10009_0",406.85666666666674,60,0.0,64.91333333333333,60,2,NaN
07:37:06,L10009,427.63,3,"L10009_2,L10009_1,L10009_0",406.85666666666674,60,0.0,64.91333333333333,60,2,NaN
07:37:08,L10009,427.63,3,"L10009_2,L10009_1,L10009_0",406.85666666666674,60,0.0,64.91333333333333,60,2,NaN
07:37:10,L10009,427.63,3,"L10009_2,L10009_1,L10009_0",406.85666666666674,60,0.0,64.91333333333333,60,2,NaN
07:37:12,L10009,427.63,3,"L10009_2,L10009_1,L10009_0",406.85666666666674,60,0.0,64.91333333333333,60,2,NaN
07:37:14,L10009,427.63,3,"L10009_2,L10009_1,L10009_0",406.85666666666674,60,0.0,64.91333333333333,60,2,NaN
07:37:16,L10009,427.63,3,"L10009_2,L10009_1,L10009_0",406.85666666666674,60,0.0,64.91333333333333,60,2,NaN
07:37:18,L10009,427.63,3,"L10009_2,L10009_1,L10009_0",406.85666666666674,60,0.0,64.91333333333333,60,2,NaN
07:37:20,L10009,427.63,3,"L10009_2,L10009_1,L10009_0",406.85666666666674,60,0.0,64.91333333333333,60,2,NaN
07:37:22,L10009,427.63,3,"L10009_2,L10009_1,L10009_0",406.85666666666674,60,0.0,64.91333333333333,60,2,NaN
07:37:24,L10009,427.63,3,"L10009_2,L10009_1,L10009_0",406.85666666666674,60,0.0,64.91333333333333,60,2,NaN
07:37:26,L10009,427.63,3,"L10009_2,L10009_1,L10009_0",406.85666666666674,60,0.0,64.91333333333333,60,2,NaN
07:37:28,L10009,427.63,3,"L10009_2,L10009_1,L10009_0",406.85666666666674,60,0.0,64.91333333333333,60,2,NaN
07:37:30,L10009,427.63,3,"L10009_2,L10009_1,L10009_0",406.85666666666674,60,0.0,64.91333333333333,60,2,NaN
07:37:32,L10009,427.63,3,"L10009_2,L10009_1,L10009_0",406.85666666666674,60,0.0,64.91333333333333,60,2,NaN
07:37:34,L10009,427.63,3,"L10009_2,L10009_1,L10009_0",406.85666666666674,60,0.0,64.91333333333333,60,2,NaN
07:37:36,L10009,427.63,3,"L10009_2,L10009_1,L10009_0",406.85666666666674,60,0.0,64.91333333333333,60,2,NaN
07:37:38,L10009,427.63,3,"L10009_2,L10009_1,L10009_0",406.85666666666674,60,0.0,64.91333333333333,60,2,NaN
07:37:40,L10009,427.63,3,"L10009_2,L10009_1,L10009_0",406.85666666666674,60,0.0,64.91333333333333,60,2,NaN
07:37:42,L10009,427.63,3,"L10009_2,L10009_1,L10009_0",406.85666666666674,60,0.0,64.91333333333333,60,2,NaN
07:37:44,L10009,427.63,3,"L10009_2,L10009_1,L10009_0",406.85666666666674,60,0.0,64.91333333333333,60,2,NaN
07:37:46,L10009,427.63,3,"L10009_2,L10009_1,L10009_0",406.85666666666674,60,0.0,64.91333333333333,60,2,NaN
07:37:48,L10009,427.63,3,"L10009_2,L10009_1,L10009_0",406.85666666666674,60,0.0,64.91333333333333,60,2,NaN
07:37:50,L10009,427.63,3,"L10009_2,L10009_1,L10009_0",406.85666666666674,60,0.0,64.91333333333333,60,2,NaN
07:37:52,L10009,427.63,3,"L10009_2,L10009_1,L10009_0",406.85666666666674,60,0.0,64.91333333333333,60,2,NaN
07:37:54,L10009,427.63,3,"L10009_2,L10009_1,L10009_0",406.85666666666674,60,0.0,64.91333333333333,60,2,NaN
07:37:56,L10009,427.63,3,"L10009_2,L10009_1,L10009_0",406.85666666666674,60,0.0,64.91333333333333,60,2,NaN
07:37:58,L10009,427.63,3,"L10009_2,L10009_1,L10009_0",406.85666666666674,60,0.0,64.91333333333333,60,2,NaN
07:38:00,L10009,427.63,3,"L10009_2,L10009_1,L10009_0",406.85666666666674,60,0.0,64.91333333333333,60,2,NaN
07:38:02,L10009,427.63,3,"L10009_2,L10009_1,L10009_0",406.85666666666674,60,0.0,64.91333333333333,60,2,NaN
07:38:04,L10009,427.63,3,"L10009_2,L10009_1,L10009_0",406.85666666666674,60,0.0,64.91333333333333,60,2,NaN
07:38:06,L10009,427.63,3,"L10009_2,L10009_1,L10009_0",406.85666666666674,60,0.0,64.91333333333333,60,2,NaN
07:38:08,L10009,427.63,3,"L10009_2,L10009_1,L10009_0",406.85666666666674,60,0.0,64.91333333333333,60,2,NaN
07:38:10,L10009,427.63,3,"L10009_2,L10009_1,L10009_0",406.85666666666674,60,0.0,64.91333333333333,60,2,NaN
07:38:12,L10009,427.63,3,"L10009_2,L10009_1,L10009_0",406.85666666666674,60,0.0,64.91333333333333,60,2,NaN
07:38:14,L10009,427.63,3,"L10009_2,L10009_1,L10009_0",406.85666666666674,60,0.0,64.91333333333333,60,2,NaN
07:38:16,L10009,427.63,3,"L10009_2,L10009_1,L10009_0",406.85666666666674,60,0.0,64.91333333333333,60,2,NaN
07:38:18,L10009,427.63,3,"L10009_2,L10009_1,L10009_0",406.85666666666674,60,0.0,64.91333333333333,60,2,NaN
07:38:20,L10009,427.63,3,"L10009_2,L10009_1,L10009_0",406.85666666666674,60,0.0,64.91333333333333,60,2,NaN
07:38:22,L10009,427.63,3,"L10009_2,L10009_1,L10009_0",406.85666666666674,60,0.0,64.91333333333333,60,2,NaN
07:38:24,L10009,427.63,3,"L10009_2,L10009_1,L10009_0",406.85666666666674,60,0.0,64.91333333333333,60,2,NaN
07:38:26,L10009,427.63,3,"L10009_2,L10009_1,L10009_0",406.85666666666674,60,0.0,64.91333333333333,60,2,NaN
07:38:28,L10009,427.63,3,"L10009_2,L10009_1,L10009_0",406.85666666666674,60,0.0,64.91333333333333,60,2,NaN
07:38:30,L10009,427.63,3,"L10009_2,L10009_1,L10009_0",406.85666666666674,60,0.0,64.91333333333333,60,2,NaN
07:38:32,L10009,427.63,3,"L10009_2,L10009_1,L10009_0",406.85666666666674,60,0.0,64.91333333333333,60,2,NaN
07:38:34,L10009,427.63,3,"L10009_2,L10009_1,L10009_0",406.85666666666674,60,0.0,64.91333333333333,60,2,NaN
07:38:36,L10009,427.63,3,"L10009_2,L10009_1,L10009_0",406.85666666666674,60,0.0,64.91333333333333,60,2,NaN
07:38:38,L10009,427.63,3,"L10009_2,L10009_1,L10009_0",406.85666666666674,60,0.0,64.91333333333333,60,2,NaN
07:38:40,L10009,427.63,3,"L10009_2,L10009_1,L10009_0",406.85666666666674,60,0.0,64.91333333333333,60,2,NaN
07:38:42,L10009,427.63,3,"L10009_2,L10009_1,L10009_0",406.85666666666674,60,0.0,64.91333333333333,60,2,NaN
07:38:44,L10009,427.63,3,"L10009_2,L10009_1,L10009_0",406.85666666666674,60,0.0,64.91333333333333,60,2,NaN
07:38:46,L10009,427.63,3,"L10009_2,L10009_1,L10009_0",406.85666666666674,60,0.0,64.91333333333333,60,2,NaN
07:38:48,L10009,427.63,3,"L10009_2,L10009_1,L10009_0",406.85666666666674,60,0.0,64.91333333333333,60,2,NaN
07:38:50,L10009,427.63,3,"L10009_2,L10009_1,L10009_0",406.85666666666674,60,0.0,64.91333333333333,60,2,NaN
07:38:52,L10009,427.63,3,"L10009_2,L10009_1,L10009_0",406.85666666666674,60,0.0,64.91333333333333,60,2,NaN
07:38:54,L10009,427.63,3,"L10009_2,L10009_1,L10009_0",406.85666666666674,60,0.0,64.91333333333333,60,2,NaN
07:38:56,L10009,427.63,3,"L10009_2,L10009_1,L10009_0",406.85666666666674,60,0.0,64.91333333333333,60,2,NaN
07:38:58,L10009,427.63,3,"L10009_2,L10009_1,L10009_0",406.85666666666674,60,0.0,64.91333333333333,60,2,NaN
07:39:00,L10009,427.63,3,"L10009_2,L10009_1,L10009_0",406.85666666666674,60,0.0,64.91333333333333,60,2,NaN
07:39:02,L10009,427.63,3,"L10009_2,L10009_1,L10009_0",406.85666666666674,60,0.0,64.91333333333333,60,2,NaN
07:39:04,L10009,427.63,3,"L10009_2,L10009_1,L10009_0",406.85666666666674,60,0.0,64.91333333333333,60,2,NaN
07:39:06,L10009,427.63,3,"L10009_2,L10009_1,L10009_0",406.85666666666674,60,0.0,64.91333333333333,60,2,NaN
07:39:08,L10009,427.63,3,"L10009_2,L10009_1,L10009_0",406.85666666666674,60,0.0,64.91333333333333,60,2,NaN
07:39:10,L10009,427.63,3,"L10009_2,L10009_1,L10009_0",406.85666666666674,60,0.0,64.91333333333333,60,2,NaN
07:39:12,L10009,427.63,3,"L10009_2,L10009_1,L10009_0",406.85666666666674,60,0.0,64.91333333333333,60,2,NaN
07:39:14,L10009,427.63,3,"L10009_2,L10009_1,L10009_0",406.85666666666674,60,0.0,64.91333333333333,60,2,NaN
07:39:16,L10009,427.63,3,"L10009_2,L10009_1,L10009_0",406.85666666666674,60,0.0,64.91333333333333,60,2,NaN
07:39:18,L10009,427.63,3,"L10009_2,L10009_1,L10009_0",406.85666666666674,60,0.0,64.91333333333333,60,2,NaN
07:39:20,L10009,427.63,3,"L10009_2,L10009_1,L10009_0",406.85666666666674,60,0.0,64.91333333333333,60,2,NaN
07:39:22,L10009,427.63,3,"L10009_2,L10009_1,L10009_0",406.85666666666674,60,0.0,64.91333333333333,60,2,NaN
07:39:24,L10009,427.63,3,"L10009_2,L10009_1,L10009_0",406.85666666666674,60,0.0,64.91333333333333,60,2,NaN
07:39:26,L10009,427.63,3,"L10009_2,L10009_1,L10009_0",406.85666666666674,60,0.0,64.91333333333333,60,2,NaN
07:39:28,L10009,427.63,3,"L10009_2,L10009_1,L10009_0",406.85666666666674,60,0.0,64.91333333333333,60,2,NaN
07:39:30,L10009,427.63,3,"L10009_2,L10009_1,L10009_0",406.85666666666674,60,0.0,64.91333333333333,60,2,NaN
07:39:32,L10009,427.63,3,"L10009_2,L10009_1,L10009_0",406.85666666666674,60,0.0,64.91333333333333,60,2,NaN
07:39:34,L10009,427.63,3,"L10009_2,L10009_1,L10009_0",406.85666666666674,60,0.0,64.91333333333333,60,2,NaN
07:39:36,L10009,427.63,3,"L10009_2,L10009_1,L10009_0",406.85666666666674,60,0.0,64.91333333333333,60,2,NaN
07:39:38,L10009,427.63,3,"L10009_2,L10009_1,L10009_0",406.85666666666674,60,0.0,64.91333333333333,60,2,NaN
07:39:40,L10009,427.63,3,"L10009_2,L10009_1,L10009_0",406.85666666666674,60,0.0,64.91333333333333,60,2,NaN
07:39:42,L10009,427.63,3,"L10009_2,L10009_1,L10009_0",406.85666666666674,60,0.0,64.91333333333333,60,2,NaN
07:39:44,L10009,427.63,3,"L10009_2,L10009_1,L10009_0",406.85666666666674,60,0.0,64.91333333333333,60,2,NaN
07:39:46,L10009,427.63,3,"L10009_2,L10009_1,L10009_0",406.85666666666674,60,0.0,64.91333333333333,60,2,NaN
07:39:48,L10009,427.63,3,"L10009_2,L10009_1,L10009_0",406.85666666666674,60,0.0,64.91333333333333,60,2,NaN
07:39:50,L10009,427.63,3,"L10009_2,L10009_1,L10009_0",406.85666666666674,60,0.0,64.91333333333333,60,2,NaN
07:39:52,L10009,427.63,3,"L10009_2,L10009_1,L10009_0",406.85666666666674,60,0.0,64.91333333333333,60,2,NaN
07:39:54,L10009,427.63,3,"L10009_2,L10009_1,L10009_0",406.85666666666674,60,0.0,64.91333333333333,60,2,NaN
07:39:56,L10009,427.63,3,"L10009_2,L10009_1,L10009_0",406.85666666666674,60,0.0,64.91333333333333,60,2,NaN
07:39:58,L10009,427.63,3,"L10009_2,L10009_1,L10009_0",406.85666666666674,60,0.0,64.91333333333333,60,2,NaN
07:40:00,L10009,427.63,3,"L10009_2,L10009_1,L10009_0",406.85666666666674,60,0.0,64.91333333333333,60,2,NaN
07:40:02,L10009,427.63,3,"L10009_2,L10009_1,L10009_0",406.85666666666674,60,0.0,64.91333333333333,60,2,NaN
07:40:04,L10009,427.63,3,"L10009_2,L10009_1,L10009_0",406.85666666666674,60,0.0,64.91333333333333,60,2,NaN
07:40:06,L10009,427.63,3,"L10009_2,L10009_1,L10009_0",406.85666666666674,60,0.0,64.91333333333333,60,2,NaN
07:40:08,L10009,427.63,3,"L10009_2,L10009_1,L10009_0",406.85666666666674,60,0.0,64.91333333333333,60,2,NaN
07:40:10,L10009,427.63,3,"L10009_2,L10009_1,L10009_0",406.85666666666674,60,0.0,64.91333333333333,60,2,NaN
07:40:12,L10009,427.63,3,"L10009_2,L10009_1,L10009_0",406.85666666666674,60,0.0,64.91333333333333,60,2,NaN
07:40:14,L10009,427.63,3,"L10009_2,L10009_1,L10009_0",406.85666666666674,60,0.0,64.91333333333333,60,2,NaN
07:40:16,L10009,427.63,3,"L10009_2,L10009_1,L10009_0",406.85666666666674,60,0.0,64.91333333333333,60,2,NaN
07:40:18,L10009,427.63,3,"L10009_2,L10009_1,L10009_0",406.85666666666674,60,0.0,64.91333333333333,60,2,NaN
07:40:20,L10009,427.63,3,"L10009_2,L10009_1,L10009_0",406.85666666666674,60,0.0,64.91333333333333,60,2,NaN
07:40:22,L10009,427.63,3,"L10009_2,L10009_1,L10009_0",406.85666666666674,60,0.0,64.91333333333333,60,2,NaN
07:40:24,L10009,427.63,3,"L10009_2,L10009_1,L10009_0",406.85666666666674,60,0.0,64.91333333333333,60,2,NaN
07:40:26,L10009,427.63,3,"L10009_2,L10009_1,L10009_0",406.85666666666674,60,0.0,64.91333333333333,60,2,NaN
07:40:28,L10009,427.63,3,"L10009_2,L10009_1,L10009_0",406.85666666666674,60,0.0,64.91333333333333,60,2,NaN
07:40:30,L10009,427.63,3,"L10009_2,L10009_1,L10009_0",406.85666666666674,60,0.0,64.91333333333333,60,2,NaN
07:40:32,L10009,427.63,3,"L10009_2,L10009_1,L10009_0",406.85666666666674,60,0.0,64.91333333333333,60,2,NaN
07:40:34,L10009,427.63,3,"L10009_2,L10009_1,L10009_0",406.85666666666674,60,0.0,64.91333333333333,60,2,NaN
07:40:36,L10009,427.63,3,"L10009_2,L10009_1,L10009_0",406.85666666666674,60,0.0,64.91333333333333,60,2,NaN
07:40:38,L10009,427.63,3,"L10009_2,L10009_1,L10009_0",406.85666666666674,60,0.0,64.91333333333333,60,2,NaN
07:40:40,L10009,427.63,3,"L10009_2,L10009_1,L10009_0",406.85666666666674,60,0.0,64.91333333333333,60,2,NaN
07:40:42,L10009,427.63,3,"L10009_2,L10009_1,L10009_0",406.85666666666674,60,0.0,64.91333333333333,60,2,NaN
07:40:44,L10009,427.63,3,"L10009_2,L10009_1,L10009_0",406.85666666666674,60,0.0,64.91333333333333,60,2,NaN
07:40:46,L10009,427.63,3,"L10009_2,L10009_1,L10009_0",406.85666666666674,60,0.0,64.91333333333333,60,2,NaN
07:40:48,L10009,427.63,3,"L10009_2,L10009_1,L10009_0",406.85666666666674,60,0.0,64.91333333333333,60,2,NaN
07:40:50,L10009,427.63,3,"L10009_2,L10009_1,L10009_0",406.85666666666674,60,0.0,64.91333333333333,60,2,NaN
07:40:52,L10009,427.63,3,"L10009_2,L10009_1,L10009_0",406.85666666666674,60,0.0,64.91333333333333,60,2,NaN
07:40:54,L10009,427.63,3,"L10009_2,L10009_1,L10009_0",406.85666666666674,60,0.0,64.91333333333333,60,2,NaN
07:40:56,L10009,427.63,3,"L10009_2,L10009_1,L10009_0",406.85666666666674,60,0.0,64.91333333333333,60,2,NaN
07:40:58,L10009,427.63,3,"L10009_2,L10009_1,L10009_0",406.85666666666674,60,0.0,64.91333333333333,60,2,NaN
07:41:00,L10009,427.63,3,"L10009_2,L10009_1,L10009_0",406.85666666666674,60,0.0,64.91333333333333,60,2,NaN
07:41:02,L10009,427.63,3,"L10009_2,L10009_1,L10009_0",406.85666666666674,60,0.0,64.91333333333333,60,2,NaN
07:41:04,L10009,427.63,3,"L10009_2,L10009_1,L10009_0",406.85666666666674,60,0.0,64.91333333333333,60,2,NaN
07:41:06,L10009,427.63,3,"L10009_2,L10009_1,L10009_0",406.85666666666674,60,0.0,64.91333333333333,60,2,NaN
07:41:08,L10009,427.63,3,"L10009_2,L10009_1,L10009_0",406.85666666666674,60,0.0,64.91333333333333,60,2,NaN
07:41:10,L10009,427.63,3,"L10009_2,L10009_1,L10009_0",406.85666666666674,60,0.0,64.91333333333333,60,2,NaN
07:41:12,L10009,427.63,3,"L10009_2,L10009_1,L10009_0",406.85666666666674,60,0.0,64.91333333333333,60,2,NaN
07:41:14,L10009,427.63,3,"L10009_2,L10009_1,L10009_0",406.85666666666674,60,0.0,64.91333333333333,60,2,NaN
07:41:16,L10009,427.63,3,"L10009_2,L10009_1,L10009_0",406.85666666666674,60,0.0,64.91333333333333,60,2,NaN
07:41:18,L10009,427.63,3,"L10009_2,L10009_1,L10009_0",406.85666666666674,60,0.0,64.91333333333333,60,2,NaN
07:41:20,L10009,427.63,3,"L10009_2,L10009_1,L10009_0",406.85666666666674,60,0.0,64.91333333333333,60,2,NaN
07:41:22,L10009,427.63,3,"L10009_2,L10009_1,L10009_0",406.85666666666674,60,0.0,64.91333333333333,60,2,NaN
07:41:24,L10009,427.63,3,"L10009_2,L10009_1,L10009_0",406.85666666666674,60,0.0,64.91333333333333,60,2,NaN
07:41:26,L10009,427.63,3,"L10009_2,L10009_1,L10009_0",406.85666666666674,60,0.0,64.91333333333333,60,2,NaN
07:41:28,L10009,427.63,3,"L10009_2,L10009_1,L10009_0",406.85666666666674,60,0.0,64.91333333333333,60,2,NaN
07:41:30,L10009,427.63,3,"L10009_2,L10009_1,L10009_0",406.85666666666674,60,0.0,64.91333333333333,60,2,NaN
07:41:32,L10009,427.63,3,"L10009_2,L10009_1,L10009_0",406.85666666666674,60,0.0,64.91333333333333,60,2,NaN
07:41:34,L10009,427.63,3,"L10009_2,L10009_1,L10009_0",406.85666666666674,60,0.0,64.91333333333333,60,2,NaN
07:41:36,L10009,427.63,3,"L10009_2,L10009_1,L10009_0",406.85666666666674,60,0.0,64.91333333333333,60,2,NaN
07:41:38,L10009,427.63,3,"L10009_2,L10009_1,L10009_0",406.85666666666674,60,0.0,64.91333333333333,60,2,NaN
07:41:40,L10009,427.63,3,"L10009_2,L10009_1,L10009_0",406.85666666666674,60,0.0,64.91333333333333,60,2,NaN
07:41:42,L10009,427.63,3,"L10009_2,L10009_1,L10009_0",406.85666666666674,60,0.0,64.91333333333333,60,2,NaN
07:41:44,L10009,427.63,3,"L10009_2,L10009_1,L10009_0",406.85666666666674,60,0.0,64.91333333333333,60,2,NaN
07:41:46,L10009,427.63,3,"L10009_2,L10009_1,L10009_0",406.85666666666674,60,0.0,64.91333333333333,60,2,NaN
07:41:48,L10009,427.63,3,"L10009_2,L10009_1,L10009_0",406.85666666666674,60,0.0,64.91333333333333,60,2,NaN
07:41:50,L10009,427.63,3,"L10009_2,L10009_1,L10009_0",406.85666666666674,60,0.0,64.91333333333333,60,2,NaN
07:41:52,L10009,427.63,3,"L10009_2,L10009_1,L10009_0",406.85666666666674,60,0.0,64.91333333333333,60,2,NaN
07:41:54,L10009,427.63,3,"L10009_2,L10009_1,L10009_0",406.85666666666674,60,0.0,64.91333333333333,60,2,NaN
07:41:56,L10009,427.63,3,"L10009_2,L10009_1,L10009_0",406.85666666666674,60,0.0,64.91333333333333,60,2,NaN
07:41:58,L10009,427.63,3,"L10009_2,L10009_1,L10009_0",406.85666666666674,60,0.0,64.91333333333333,60,2,NaN
07:42:00,L10009,427.63,3,"L10009_2,L10009_1,L10009_0",406.85666666666674,60,0.0,64.91333333333333,60,2,NaN
07:42:02,L10009,427.63,3,"L10009_2,L10009_1,L10009_0",406.85666666666674,60,0.0,64.91333333333333,60,2,NaN
07:42:04,L10009,427.63,3,"L10009_2,L10009_1,L10009_0",406.85666666666674,60,0.0,64.91333333333333,60,2,NaN
07:42:06,L10009,427.63,3,"L10009_2,L10009_1,L10009_0",406.85666666666674,60,0.0,64.91333333333333,60,2,NaN
07:42:08,L10009,427.63,3,"L10009_2,L10009_1,L10009_0",406.85666666666674,60,0.0,64.91333333333333,60,2,NaN
07:42:10,L10009,427.63,3,"L10009_2,L10009_1,L10009_0",406.85666666666674,60,0.0,64.91333333333333,60,2,NaN
07:42:12,L10009,427.63,3,"L10009_2,L10009_1,L10009_0",406.85666666666674,60,0.0,64.91333333333333,60,2,NaN
07:42:14,L10009,427.63,3,"L10009_2,L10009_1,L10009_0",406.85666666666674,60,0.0,64.91333333333333,60,2,NaN
07:42:16,L10009,427.63,3,"L10009_2,L10009_1,L10009_0",406.85666666666674,60,0.0,64.91333333333333,60,2,NaN
07:42:18,L10009,427.63,3,"L10009_2,L10009_1,L10009_0",406.85666666666674,60,0.0,64.91333333333333,60,2,NaN
07:42:20,L10009,427.63,3,"L10009_2,L10009_1,L10009_0",406.85666666666674,60,0.0,64.91333333333333,60,2,NaN
07:42:22,L10009,427.63,3,"L10009_2,L10009_1,L10009_0",406.85666666666674,60,0.0,64.91333333333333,60,2,NaN
07:42:24,L10009,427.63,3,"L10009_2,L10009_1,L10009_0",406.85666666666674,60,0.0,64.91333333333333,60,2,NaN
07:42:26,L10009,427.63,3,"L10009_2,L10009_1,L10009_0",406.85666666666674,60,0.0,64.91333333333333,60,2,NaN
07:42:28,L10009,427.63,3,"L10009_2,L10009_1,L10009_0",406.85666666666674,60,0.0,64.91333333333333,60,2,NaN
07:42:30,L10009,427.63,3,"L10009_2,L10009_1,L10009_0",406.85666666666674,60,0.0,64.91333333333333,60,2,NaN
07:42:32,L10009,427.63,3,"L10009_2,L10009_1,L10009_0",406.85666666666674,60,0.0,64.91333333333333,60,2,NaN
07:42:34,L10009,427.63,3,"L10009_2,L10009_1,L10009_0",406.85666666666674,60,0.0,64.91333333333333,60,2,NaN
07:42:36,L10009,427.63,3,"L10009_2,L10009_1,L10009_0",406.85666666666674,60,0.0,64.91333333333333,60,2,NaN
07:42:38,L10009,427.63,3,"L10009_2,L10009_1,L10009_0",406.85666666666674,60,0.0,64.91333333333333,60,2,NaN
07:42:40,L10009,427.63,3,"L10009_2,L10009_1,L10009_0",406.85666666666674,60,0.0,64.91333333333333,60,2,NaN
07:42:42,L10009,427.63,3,"L10009_2,L10009_1,L10009_0",406.85666666666674,60,0.0,64.91333333333333,60,2,NaN
07:42:44,L10009,427.63,3,"L10009_2,L10009_1,L10009_0",406.85666666666674,60,0.0,64.91333333333333,60,2,NaN
07:42:46,L10009,427.63,3,"L10009_2,L10009_1,L10009_0",406.85666666666674,60,0.0,64.91333333333333,60,2,NaN
07:42:48,L10009,427.63,3,"L10009_2,L10009_1,L10009_0",406.85666666666674,60,0.0,64.91333333333333,60,2,NaN
07:42:50,L10009,427.63,3,"L10009_2,L10009_1,L10009_0",406.85666666666674,60,0.0,64.91333333333333,60,2,NaN
07:42:52,L10009,427.63,3,"L10009_2,L10009_1,L10009_0",406.85666666666674,60,0.0,64.91333333333333,60,2,NaN
07:42:54,L10009,427.63,3,"L10009_2,L10009_1,L10009_0",406.85666666666674,60,0.0,64.91333333333333,60,2,NaN
07:42:56,L10009,427.63,3,"L10009_2,L10009_1,L10009_0",406.85666666666674,60,0.0,64.91333333333333,60,2,NaN
07:42:58,L10009,427.63,3,"L10009_2,L10009_1,L10009_0",406.85666666666674,60,0.0,64.91333333333333,60,2,NaN
07:43:00,L10009,427.63,3,"L10009_2,L10009_1,L10009_0",406.85666666666674,60,0.0,64.91333333333333,60,2,NaN
07:43:02,L10009,427.63,3,"L10009_2,L10009_1,L10009_0",406.85666666666674,60,0.0,64.91333333333333,60,2,NaN
07:43:04,L10009,427.63,3,"L10009_2,L10009_1,L10009_0",406.85666666666674,60,0.0,64.91333333333333,60,2,NaN
07:43:06,L10009,427.63,3,"L10009_2,L10009_1,L10009_0",406.85666666666674,60,0.0,64.91333333333333,60,2,NaN
07:43:08,L10009,427.63,3,"L10009_2,L10009_1,L10009_0",406.85666666666674,60,0.0,64.91333333333333,60,2,NaN
07:43:10,L10009,427.63,3,"L10009_2,L10009_1,L10009_0",406.85666666666674,60,0.0,64.91333333333333,60,2,NaN
07:43:12,L10009,427.63,3,"L10009_2,L10009_1,L10009_0",406.85666666666674,60,0.0,64.91333333333333,60,2,NaN
07:43:14,L10009,427.63,3,"L10009_2,L10009_1,L10009_0",406.85666666666674,60,0.0,64.91333333333333,60,2,NaN
07:43:16,L10009,427.63,3,"L10009_2,L10009_1,L10009_0",406.85666666666674,60,0.0,64.91333333333333,60,2,NaN
07:43:18,L10009,427.63,3,"L10009_2,L10009_1,L10009_0",406.85666666666674,60,0.0,64.91333333333333,60,2,NaN
07:43:20,L10009,427.63,3,"L10009_2,L10009_1,L10009_0",406.85666666666674,60,0.0,64.91333333333333,60,2,NaN
07:43:22,L10009,427.63,3,"L10009_2,L10009_1,L10009_0",406.85666666666674,60,0.0,64.91333333333333,60,2,NaN
07:43:24,L10009,427.63,3,"L10009_2,L10009_1,L10009_0",406.85666666666674,60,0.0,64.91333333333333,60,2,NaN
07:43:26,L10009,427.63,3,"L10009_2,L10009_1,L10009_0",406.85666666666674,60,0.0,64.91333333333333,60,2,NaN
07:43:28,L10009,427.63,3,"L10009_2,L10009_1,L10009_0",406.85666666666674,60,0.0,64.91333333333333,60,2,NaN
07:43:30,L10009,427.63,3,"L10009_2,L10009_1,L10009_0",406.85666666666674,60,0.0,64.91333333333333,60,2,NaN
07:43:32,L10009,427.63,3,"L10009_2,L10009_1,L10009_0",406.85666666666674,60,0.0,64.91333333333333,60,2,NaN
07:43:34,L10009,427.63,3,"L10009_2,L10009_1,L10009_0",406.85666666666674,60,0.0,64.91333333333333,60,2,NaN
07:43:36,L10009,427.63,3,"L10009_2,L10009_1,L10009_0",406.85666666666674,60,0.0,64.91333333333333,60,2,NaN
07:43:38,L10009,427.63,3,"L10009_2,L10009_1,L10009_0",406.85666666666674,60,0.0,64.91333333333333,60,2,NaN
07:43:40,L10009,427.63,3,"L10009_2,L10009_1,L10009_0",406.85666666666674,60,0.0,64.91333333333333,60,2,NaN
07:43:42,L10009,427.63,3,"L10009_2,L10009_1,L10009_0",406.85666666666674,60,0.0,64.91333333333333,60,2,NaN
07:43:44,L10009,427.63,3,"L10009_2,L10009_1,L10009_0",406.85666666666674,60,0.0,64.91333333333333,60,2,NaN
07:43:46,L10009,427.63,3,"L10009_2,L10009_1,L10009_0",406.85666666666674,60,0.0,64.91333333333333,60,2,NaN
07:43:48,L10009,427.63,3,"L10009_2,L10009_1,L10009_0",406.85666666666674,60,0.0,64.91333333333333,60,2,NaN
07:43:50,L10009,427.63,3,"L10009_2,L10009_1,L10009_0",406.85666666666674,60,0.0,64.91333333333333,60,2,NaN
07:43:52,L10009,427.63,3,"L10009_2,L10009_1,L10009_0",406.85666666666674,60,0.0,64.91333333333333,60,2,NaN
07:43:54,L10009,427.63,3,"L10009_2,L10009_1,L10009_0",406.85666666666674,60,0.0,64.91333333333333,60,2,NaN
07:43:56,L10009,427.63,3,"L10009_2,L10009_1,L10009_0",406.85666666666674,60,0.0,64.91333333333333,60,2,NaN
07:43:58,L10009,427.63,3,"L10009_2,L10009_1,L10009_0",406.85666666666674,60,0.0,64.91333333333333,60,2,NaN
07:44:00,L10009,427.63,3,"L10009_2,L10009_1,L10009_0",406.85666666666674,60,0.0,64.91333333333333,60,2,NaN
07:44:02,L10009,427.63,3,"L10009_2,L10009_1,L10009_0",406.85666666666674,60,0.0,64.91333333333333,60,2,NaN
07:44:04,L10009,427.63,3,"L10009_2,L10009_1,L10009_0",406.85666666666674,60,0.0,64.91333333333333,60,2,NaN
07:44:06,L10009,427.63,3,"L10009_2,L10009_1,L10009_0",406.85666666666674,60,0.0,64.91333333333333,60,2,NaN
07:44:08,L10009,427.63,3,"L10009_2,L10009_1,L10009_0",406.85666666666674,60,0.0,64.91333333333333,60,2,NaN
07:44:10,L10009,427.63,3,"L10009_2,L10009_1,L10009_0",406.85666666666674,60,0.0,64.91333333333333,60,2,NaN
07:44:12,L10009,427.63,3,"L10009_2,L10009_1,L10009_0",406.85666666666674,60,0.0,64.91333333333333,60,2,NaN
07:44:14,L10009,427.63,3,"L10009_2,L10009_1,L10009_0",406.85666666666674,60,0.0,64.91333333333333,60,2,NaN
07:44:16,L10009,427.63,3,"L10009_2,L10009_1,L10009_0",406.85666666666674,60,0.0,64.91333333333333,60,2,NaN
07:44:18,L10009,427.63,3,"L10009_2,L10009_1,L10009_0",406.85666666666674,60,0.0,64.91333333333333,60,2,NaN
07:44:20,L10009,427.63,3,"L10009_2,L10009_1,L10009_0",406.85666666666674,60,0.0,64.91333333333333,60,2,NaN
07:44:22,L10009,427.63,3,"L10009_2,L10009_1,L10009_0",406.85666666666674,60,0.0,64.91333333333333,60,2,NaN
07:44:24,L10009,427.63,3,"L10009_2,L10009_1,L10009_0",406.85666666666674,60,0.0,64.91333333333333,60,2,NaN
07:44:26,L10009,427.63,3,"L10009_2,L10009_1,L10009_0",406.85666666666674,60,0.0,64.91333333333333,60,2,NaN
07:44:28,L10009,427.63,3,"L10009_2,L10009_1,L10009_0",406.85666666666674,60,0.0,64.91333333333333,60,2,NaN
07:44:30,L10009,427.63,3,"L10009_2,L10009_1,L10009_0",406.85666666666674,60,0.0,64.91333333333333,60,2,NaN
07:44:32,L10009,427.63,3,"L10009_2,L10009_1,L10009_0",406.85666666666674,60,0.0,64.91333333333333,60,2,NaN
07:44:34,L10009,427.63,3,"L10009_2,L10009_1,L10009_0",406.85666666666674,60,0.0,64.91333333333333,60,2,NaN
07:44:36,L10009,427.63,3,"L10009_2,L10009_1,L10009_0",406.85666666666674,60,0.0,64.91333333333333,60,2,NaN
07:44:38,L10009,427.63,3,"L10009_2,L10009_1,L10009_0",406.85666666666674,60,0.0,64.91333333333333,60,2,NaN
07:44:40,L10009,427.63,3,"L10009_2,L10009_1,L10009_0",406.85666666666674,60,0.0,64.91333333333333,60,2,NaN
07:44:42,L10009,427.63,3,"L10009_2,L10009_1,L10009_0",406.85666666666674,60,0.0,64.91333333333333,60,2,NaN
07:44:44,L10009,427.63,3,"L10009_2,L10009_1,L10009_0",406.85666666666674,60,0.0,64.91333333333333,60,2,NaN
07:44:46,L10009,427.63,3,"L10009_2,L10009_1,L10009_0",406.85666666666674,60,0.0,64.91333333333333,60,2,NaN
07:44:48,L10009,427.63,3,"L10009_2,L10009_1,L10009_0",406.85666666666674,60,0.0,64.91333333333333,60,2,NaN
07:44:50,L10009,427.63,3,"L10009_2,L10009_1,L10009_0",406.85666666666674,60,0.0,64.91333333333333,60,2,NaN
07:44:52,L10009,427.63,3,"L10009_2,L10009_1,L10009_0",406.85666666666674,60,0.0,64.91333333333333,60,2,NaN
07:44:54,L10009,427.63,3,"L10009_2,L10009_1,L10009_0",406.85666666666674,60,0.0,64.91333333333333,60,2,NaN
07:44:56,L10009,427.63,3,"L10009_2,L10009_1,L10009_0",406.85666666666674,60,0.0,64.91333333333333,60,2,NaN
07:44:58,L10009,427.63,3,"L10009_2,L10009_1,L10009_0",406.85666666666674,60,0.0,64.91333333333333,60,2,NaN
07:45:00,L10009,427.63,3,"L10009_2,L10009_1,L10009_0",406.85666666666674,60,0.0,64.91333333333333,60,2,NaN
07:45:02,L10009,427.63,3,"L10009_2,L10009_1,L10009_0",406.85666666666674,60,0.0,64.91333333333333,60,2,NaN
07:45:04,L10009,427.63,3,"L10009_2,L10009_1,L10009_0",406.85666666666674,60,0.0,64.91333333333333,60,2,NaN
07:45:06,L10009,427.63,3,"L10009_2,L10009_1,L10009_0",406.85666666666674,60,0.0,64.91333333333333,60,2,NaN
07:45:08,L10009,427.63,3,"L10009_2,L10009_1,L10009_0",406.85666666666674,60,0.0,64.91333333333333,60,2,NaN
07:45:10,L10009,427.63,3,"L10009_2,L10009_1,L10009_0",406.85666666666674,60,0.0,64.91333333333333,60,2,NaN
07:45:12,L10009,427.63,3,"L10009_2,L10009_1,L10009_0",406.85666666666674,60,0.0,64.91333333333333,60,2,NaN
07:45:14,L10009,427.63,3,"L10009_2,L10009_1,L10009_0",406.85666666666674,60,0.0,64.91333333333333,60,2,NaN
07:45:16,L10009,427.63,3,"L10009_2,L10009_1,L10009_0",406.85666666666674,60,0.0,64.91333333333333,60,2,NaN
07:45:18,L10009,427.63,3,"L10009_2,L10009_1,L10009_0",406.85666666666674,60,0.0,64.91333333333333,60,2,NaN
07:45:20,L10009,427.63,3,"L10009_2,L10009_1,L10009_0",406.85666666666674,60,0.0,64.91333333333333,60,2,NaN
07:45:22,L10009,427.63,3,"L10009_2,L10009_1,L10009_0",406.85666666666674,60,0.0,64.91333333333333,60,2,NaN
07:45:24,L10009,427.63,3,"L10009_2,L10009_1,L10009_0",406.85666666666674,60,0.0,64.91333333333333,60,2,NaN
07:45:26,L10009,427.63,3,"L10009_2,L10009_1,L10009_0",406.85666666666674,60,0.0,64.91333333333333,60,2,NaN
07:45:28,L10009,427.63,3,"L10009_2,L10009_1,L10009_0",406.85666666666674,60,0.0,64.91333333333333,60,2,NaN
07:45:30,L10009,427.63,3,"L10009_2,L10009_1,L10009_0",406.85666666666674,60,0.0,64.91333333333333,60,2,NaN
07:45:32,L10009,427.63,3,"L10009_2,L10009_1,L10009_0",406.85666666666674,60,0.0,64.91333333333333,60,2,NaN
07:45:34,L10009,427.63,3,"L10009_2,L10009_1,L10009_0",406.85666666666674,60,0.0,64.91333333333333,60,2,NaN
07:45:36,L10009,427.63,3,"L10009_2,L10009_1,L10009_0",406.85666666666674,60,0.0,64.91333333333333,60,2,NaN
07:45:38,L10009,427.63,3,"L10009_2,L10009_1,L10009_0",406.85666666666674,60,0.0,64.91333333333333,60,2,NaN
07:45:40,L10009,427.63,3,"L10009_2,L10009_1,L10009_0",406.85666666666674,60,0.0,64.91333333333333,60,2,NaN
07:45:42,L10009,427.63,3,"L10009_2,L10009_1,L10009_0",406.85666666666674,60,0.0,64.91333333333333,60,2,NaN
07:45:44,L10009,427.63,3,"L10009_2,L10009_1,L10009_0",406.85666666666674,60,0.0,64.91333333333333,60,2,NaN
07:45:46,L10009,427.63,3,"L10009_2,L10009_1,L10009_0",406.85666666666674,60,0.0,64.91333333333333,60,2,NaN
07:45:48,L10009,427.63,3,"L10009_2,L10009_1,L10009_0",406.85666666666674,60,0.0,64.91333333333333,60,2,NaN
07:45:50,L10009,427.63,3,"L10009_2,L10009_1,L10009_0",406.85666666666674,60,0.0,64.91333333333333,60,2,NaN
07:45:52,L10009,427.63,3,"L10009_2,L10009_1,L10009_0",406.85666666666674,60,0.0,64.91333333333333,60,2,NaN
07:45:54,L10009,427.63,3,"L10009_2,L10009_1,L10009_0",406.85666666666674,60,0.0,64.91333333333333,60,2,NaN
07:45:56,L10009,427.63,3,"L10009_2,L10009_1,L10009_0",406.85666666666674,60,0.0,64.91333333333333,60,2,NaN
07:45:58,L10009,427.63,3,"L10009_2,L10009_1,L10009_0",406.85666666666674,60,0.0,64.91333333333333,60,2,NaN
07:46:00,L10009,427.63,3,"L10009_2,L10009_1,L10009_0",406.85666666666674,60,0.0,64.91333333333333,60,2,NaN
07:46:02,L10009,427.63,3,"L10009_2,L10009_1,L10009_0",406.85666666666674,60,0.0,64.91333333333333,60,2,NaN
07:46:04,L10009,427.63,3,"L10009_2,L10009_1,L10009_0",406.85666666666674,60,0.0,64.91333333333333,60,2,NaN
07:46:06,L10009,427.63,3,"L10009_2,L10009_1,L10009_0",406.85666666666674,60,0.0,64.91333333333333,60,2,NaN
07:46:08,L10009,427.63,3,"L10009_2,L10009_1,L10009_0",406.85666666666674,60,0.0,64.91333333333333,60,2,NaN
07:46:10,L10009,427.63,3,"L10009_2,L10009_1,L10009_0",406.85666666666674,60,0.0,64.91333333333333,60,2,NaN
07:46:12,L10009,427.63,3,"L10009_2,L10009_1,L10009_0",406.85666666666674,60,0.0,64.91333333333333,60,2,NaN
07:46:14,L10009,427.63,3,"L10009_2,L10009_1,L10009_0",406.85666666666674,60,0.0,64.91333333333333,60,2,NaN
07:46:16,L10009,427.63,3,"L10009_2,L10009_1,L10009_0",406.85666666666674,60,0.0,64.91333333333333,60,2,NaN
07:46:18,L10009,427.63,3,"L10009_2,L10009_1,L10009_0",406.85666666666674,60,0.0,64.91333333333333,60,2,NaN
07:46:20,L10009,427.63,3,"L10009_2,L10009_1,L10009_0",406.85666666666674,60,0.0,64.91333333333333,60,2,NaN
07:46:22,L10009,427.63,3,"L10009_2,L10009_1,L10009_0",406.85666666666674,60,0.0,64.91333333333333,60,2,NaN
07:46:24,L10009,427.63,3,"L10009_2,L10009_1,L10009_0",406.85666666666674,60,0.0,64.91333333333333,60,2,NaN
07:46:26,L10009,427.63,3,"L10009_2,L10009_1,L10009_0",406.85666666666674,60,0.0,64.91333333333333,60,2,NaN
07:46:28,L10009,427.63,3,"L10009_2,L10009_1,L10009_0",406.85666666666674,60,0.0,64.91333333333333,60,2,NaN
07:46:30,L10009,427.63,3,"L10009_2,L10009_1,L10009_0",406.85666666666674,60,0.0,64.91333333333333,60,2,NaN
07:46:32,L10009,427.63,3,"L10009_2,L10009_1,L10009_0",406.85666666666674,60,0.0,64.91333333333333,60,2,NaN
07:46:34,L10009,427.63,3,"L10009_2,L10009_1,L10009_0",406.85666666666674,60,0.0,64.91333333333333,60,2,NaN
07:46:36,L10009,427.63,3,"L10009_2,L10009_1,L10009_0",406.85666666666674,60,0.0,64.91333333333333,60,2,NaN
07:46:38,L10009,427.63,3,"L10009_2,L10009_1,L10009_0",406.85666666666674,60,0.0,64.91333333333333,60,2,NaN
07:46:40,L10009,427.63,3,"L10009_2,L10009_1,L10009_0",406.85666666666674,60,0.0,64.91333333333333,60,2,NaN
07:46:42,L10009,427.63,3,"L10009_2,L10009_1,L10009_0",406.85666666666674,60,0.0,64.91333333333333,60,2,NaN
07:46:44,L10009,427.63,3,"L10009_2,L10009_1,L10009_0",406.85666666666674,60,0.0,64.91333333333333,60,2,NaN
07:46:46,L10009,427.63,3,"L10009_2,L10009_1,L10009_0",406.85666666666674,60,0.0,64.91333333333333,60,2,NaN
07:46:48,L10009,427.63,3,"L10009_2,L10009_1,L10009_0",406.85666666666674,60,0.0,64.91333333333333,60,2,NaN
07:46:50,L10009,427.63,3,"L10009_2,L10009_1,L10009_0",406.85666666666674,60,0.0,64.91333333333333,60,2,NaN
07:46:52,L10009,427.63,3,"L10009_2,L10009_1,L10009_0",406.85666666666674,60,0.0,64.91333333333333,60,2,NaN
07:46:54,L10009,427.63,3,"L10009_2,L10009_1,L10009_0",406.85666666666674,60,0.0,64.91333333333333,60,2,NaN
07:46:56,L10009,427.63,3,"L10009_2,L10009_1,L10009_0",406.85666666666674,60,0.0,64.91333333333333,60,2,NaN
07:46:58,L10009,427.63,3,"L10009_2,L10009_1,L10009_0",406.85666666666674,60,0.0,64.91333333333333,60,2,NaN
07:47:00,L10009,427.63,3,"L10009_2,L10009_1,L10009_0",406.85666666666674,60,0.0,64.91333333333333,60,2,NaN
07:47:02,L10009,427.63,3,"L10009_2,L10009_1,L10009_0",406.85666666666674,60,0.0,64.91333333333333,60,2,NaN
07:47:04,L10009,427.63,3,"L10009_2,L10009_1,L10009_0",406.85666666666674,60,0.0,64.91333333333333,60,2,NaN
07:47:06,L10009,427.63,3,"L10009_2,L10009_1,L10009_0",406.85666666666674,60,0.0,64.91333333333333,60,2,NaN
07:47:08,L10009,427.63,3,"L10009_2,L10009_1,L10009_0",406.85666666666674,60,0.0,64.91333333333333,60,2,NaN
07:47:10,L10009,427.63,3,"L10009_2,L10009_1,L10009_0",406.85666666666674,60,0.0,64.91333333333333,60,2,NaN
07:47:12,L10009,427.63,3,"L10009_2,L10009_1,L10009_0",406.85666666666674,60,0.0,64.91333333333333,60,2,NaN
07:47:14,L10009,427.63,3,"L10009_2,L10009_1,L10009_0",406.85666666666674,60,0.0,64.91333333333333,60,2,NaN
07:47:16,L10009,427.63,3,"L10009_2,L10009_1,L10009_0",406.85666666666674,60,0.0,64.91333333333333,60,2,NaN
07:47:18,L10009,427.63,3,"L10009_2,L10009_1,L10009_0",406.85666666666674,60,0.0,64.91333333333333,60,2,NaN
07:47:20,L10009,427.63,3,"L10009_2,L10009_1,L10009_0",406.85666666666674,60,0.0,64.91333333333333,60,2,NaN
07:47:22,L10009,427.63,3,"L10009_2,L10009_1,L10009_0",406.85666666666674,60,0.0,64.91333333333333,60,2,NaN
07:47:24,L10009,427.63,3,"L10009_2,L10009_1,L10009_0",406.85666666666674,60,0.0,64.91333333333333,60,2,NaN
07:47:26,L10009,427.63,3,"L10009_2,L10009_1,L10009_0",406.85666666666674,60,0.0,64.91333333333333,60,2,NaN
07:47:28,L10009,427.63,3,"L10009_2,L10009_1,L10009_0",406.85666666666674,60,0.0,64.91333333333333,60,2,NaN
07:47:30,L10009,427.63,3,"L10009_2,L10009_1,L10009_0",406.85666666666674,60,0.0,64.91333333333333,60,2,NaN
07:47:32,L10009,427.63,3,"L10009_2,L10009_1,L10009_0",406.85666666666674,60,0.0,64.91333333333333,60,2,NaN
07:47:34,L10009,427.63,3,"L10009_2,L10009_1,L10009_0",406.85666666666674,60,0.0,64.91333333333333,60,2,NaN
07:47:36,L10009,427.63,3,"L10009_2,L10009_1,L10009_0",406.85666666666674,60,0.0,64.91333333333333,60,2,NaN
07:47:38,L10009,427.63,3,"L10009_2,L10009_1,L10009_0",406.85666666666674,60,0.0,64.91333333333333,60,2,NaN
07:47:40,L10009,427.63,3,"L10009_2,L10009_1,L10009_0",406.85666666666674,60,0.0,64.91333333333333,60,2,NaN
07:47:42,L10009,427.63,3,"L10009_2,L10009_1,L10009_0",406.85666666666674,60,0.0,64.91333333333333,60,2,NaN
07:47:44,L10009,427.63,3,"L10009_2,L10009_1,L10009_0",406.85666666666674,60,0.0,64.91333333333333,60,2,NaN
07:47:46,L10009,427.63,3,"L10009_2,L10009_1,L10009_0",406.85666666666674,60,0.0,64.91333333333333,60,2,NaN
07:47:48,L10009,427.63,3,"L10009_2,L10009_1,L10009_0",406.85666666666674,60,0.0,64.91333333333333,60,2,NaN
07:47:50,L10009,427.63,3,"L10009_2,L10009_1,L10009_0",406.85666666666674,60,0.0,64.91333333333333,60,2,NaN
07:47:52,L10009,427.63,3,"L10009_2,L10009_1,L10009_0",406.85666666666674,60,0.0,64.91333333333333,60,2,NaN
07:47:54,L10009,427.63,3,"L10009_2,L10009_1,L10009_0",406.85666666666674,60,0.0,64.91333333333333,60,2,NaN
07:47:56,L10009,427.63,3,"L10009_2,L10009_1,L10009_0",406.85666666666674,60,0.0,64.91333333333333,60,2,NaN
07:47:58,L10009,427.63,3,"L10009_2,L10009_1,L10009_0",406.85666666666674,60,0.0,64.91333333333333,60,2,NaN
07:48:00,L10009,427.63,3,"L10009_2,L10009_1,L10009_0",406.85666666666674,60,0.0,64.91333333333333,60,2,NaN
07:48:02,L10009,427.63,3,"L10009_2,L10009_1,L10009_0",406.85666666666674,60,0.0,64.91333333333333,60,2,NaN
07:48:04,L10009,427.63,3,"L10009_2,L10009_1,L10009_0",406.85666666666674,60,0.0,64.91333333333333,60,2,NaN
07:48:06,L10009,427.63,3,"L10009_2,L10009_1,L10009_0",406.85666666666674,60,0.0,64.91333333333333,60,2,NaN
07:48:08,L10009,427.63,3,"L10009_2,L10009_1,L10009_0",406.85666666666674,60,0.0,64.91333333333333,60,2,NaN
07:48:10,L10009,427.63,3,"L10009_2,L10009_1,L10009_0",406.85666666666674,60,0.0,64.91333333333333,60,2,NaN
07:48:12,L10009,427.63,3,"L10009_2,L10009_1,L10009_0",406.85666666666674,60,0.0,64.91333333333333,60,2,NaN
07:48:14,L10009,427.63,3,"L10009_2,L10009_1,L10009_0",406.85666666666674,60,0.0,64.91333333333333,60,2,NaN
07:48:16,L10009,427.63,3,"L10009_2,L10009_1,L10009_0",406.85666666666674,60,0.0,64.91333333333333,60,2,NaN
07:48:18,L10009,427.63,3,"L10009_2,L10009_1,L10009_0",406.85666666666674,60,0.0,64.91333333333333,60,2,NaN
07:48:20,L10009,427.63,3,"L10009_2,L10009_1,L10009_0",406.85666666666674,60,0.0,64.91333333333333,60,2,NaN
07:48:22,L10009,427.63,3,"L10009_2,L10009_1,L10009_0",406.85666666666674,60,0.0,64.91333333333333,60,2,NaN
07:48:24,L10009,427.63,3,"L10009_2,L10009_1,L10009_0",406.85666666666674,60,0.0,64.91333333333333,60,2,NaN
07:48:26,L10009,427.63,3,"L10009_2,L10009_1,L10009_0",406.85666666666674,60,0.0,64.91333333333333,60,2,NaN
07:48:28,L10009,427.63,3,"L10009_2,L10009_1,L10009_0",406.85666666666674,60,0.0,64.91333333333333,60,2,NaN
07:48:30,L10009,427.63,3,"L10009_2,L10009_1,L10009_0",406.85666666666674,60,0.0,64.91333333333333,60,2,NaN
07:48:32,L10009,427.63,3,"L10009_2,L10009_1,L10009_0",406.85666666666674,60,0.0,64.91333333333333,60,2,NaN
07:48:34,L10009,427.63,3,"L10009_2,L10009_1,L10009_0",406.85666666666674,60,0.0,64.91333333333333,60,2,NaN
07:48:36,L10009,427.63,3,"L10009_2,L10009_1,L10009_0",406.85666666666674,60,0.0,64.91333333333333,60,2,NaN
07:48:38,L10009,427.63,3,"L10009_2,L10009_1,L10009_0",406.85666666666674,60,0.0,64.91333333333333,60,2,NaN
07:48:40,L10009,427.63,3,"L10009_2,L10009_1,L10009_0",406.85666666666674,60,0.0,64.91333333333333,60,2,NaN
07:48:42,L10009,427.63,3,"L10009_2,L10009_1,L10009_0",406.85666666666674,60,0.0,64.91333333333333,60,2,NaN
07:48:44,L10009,427.63,3,"L10009_2,L10009_1,L10009_0",406.85666666666674,60,0.0,64.91333333333333,60,2,NaN
07:48:46,L10009,427.63,3,"L10009_2,L10009_1,L10009_0",406.85666666666674,60,0.0,64.91333333333333,60,2,NaN
07:48:48,L10009,427.63,3,"L10009_2,L10009_1,L10009_0",406.85666666666674,60,0.0,64.91333333333333,60,2,NaN
07:48:50,L10009,427.63,3,"L10009_2,L10009_1,L10009_0",406.85666666666674,60,0.0,64.91333333333333,60,2,NaN
07:48:52,L10009,427.63,3,"L10009_2,L10009_1,L10009_0",406.85666666666674,60,0.0,64.91333333333333,60,2,NaN
07:48:54,L10009,427.63,3,"L10009_2,L10009_1,L10009_0",406.85666666666674,60,0.0,64.91333333333333,60,2,NaN
07:48:56,L10009,427.63,3,"L10009_2,L10009_1,L10009_0",406.85666666666674,60,0.0,64.91333333333333,60,2,NaN
07:48:58,L10009,427.63,3,"L10009_2,L10009_1,L10009_0",406.85666666666674,60,0.0,64.91333333333333,60,2,NaN
07:49:00,L10009,427.63,3,"L10009_2,L10009_1,L10009_0",406.85666666666674,60,0.0,64.91333333333333,60,2,NaN
07:49:02,L10009,427.63,3,"L10009_2,L10009_1,L10009_0",406.85666666666674,60,0.0,64.91333333333333,60,2,NaN
07:49:04,L10009,427.63,3,"L10009_2,L10009_1,L10009_0",406.85666666666674,60,0.0,64.91333333333333,60,2,NaN
07:49:06,L10009,427.63,3,"L10009_2,L10009_1,L10009_0",406.85666666666674,60,0.0,64.91333333333333,60,2,NaN
07:49:08,L10009,427.63,3,"L10009_2,L10009_1,L10009_0",406.85666666666674,60,0.0,64.91333333333333,60,2,NaN
07:49:10,L10009,427.63,3,"L10009_2,L10009_1,L10009_0",406.85666666666674,60,0.0,64.91333333333333,60,2,NaN
07:49:12,L10009,427.63,3,"L10009_2,L10009_1,L10009_0",406.85666666666674,60,0.0,64.91333333333333,60,2,NaN
07:49:14,L10009,427.63,3,"L10009_2,L10009_1,L10009_0",406.85666666666674,60,0.0,64.91333333333333,60,2,NaN
07:49:16,L10009,427.63,3,"L10009_2,L10009_1,L10009_0",406.85666666666674,60,0.0,64.91333333333333,60,2,NaN
07:49:18,L10009,427.63,3,"L10009_2,L10009_1,L10009_0",406.85666666666674,60,0.0,64.91333333333333,60,2,NaN
07:49:20,L10009,427.63,3,"L10009_2,L10009_1,L10009_0",406.85666666666674,60,0.0,64.91333333333333,60,2,NaN
07:49:22,L10009,427.63,3,"L10009_2,L10009_1,L10009_0",406.85666666666674,60,0.0,64.91333333333333,60,2,NaN
07:49:24,L10009,427.63,3,"L10009_2,L10009_1,L10009_0",406.85666666666674,60,0.0,64.91333333333333,60,2,NaN
07:49:26,L10009,427.63,3,"L10009_2,L10009_1,L10009_0",406.85666666666674,60,0.0,64.91333333333333,60,2,NaN
07:49:28,L10009,427.63,3,"L10009_2,L10009_1,L10009_0",406.85666666666674,60,0.0,64.91333333333333,60,2,NaN
07:49:30,L10009,427.63,3,"L10009_2,L10009_1,L10009_0",406.85666666666674,60,0.0,64.91333333333333,60,2,NaN
07:49:32,L10009,427.63,3,"L10009_2,L10009_1,L10009_0",406.85666666666674,60,0.0,64.91333333333333,60,2,NaN
07:49:34,L10009,427.63,3,"L10009_2,L10009_1,L10009_0",406.85666666666674,60,0.0,64.91333333333333,60,2,NaN
07:49:36,L10009,427.63,3,"L10009_2,L10009_1,L10009_0",406.85666666666674,60,0.0,64.91333333333333,60,2,NaN
07:49:38,L10009,427.63,3,"L10009_2,L10009_1,L10009_0",406.85666666666674,60,0.0,64.91333333333333,60,2,NaN
07:49:40,L10009,427.63,3,"L10009_2,L10009_1,L10009_0",406.85666666666674,60,0.0,64.91333333333333,60,2,NaN
07:49:42,L10009,427.63,3,"L10009_2,L10009_1,L10009_0",406.85666666666674,60,0.0,64.91333333333333,60,2,NaN
07:49:44,L10009,427.63,3,"L10009_2,L10009_1,L10009_0",406.85666666666674,60,0.0,64.91333333333333,60,2,NaN
07:49:46,L10009,427.63,3,"L10009_2,L10009_1,L10009_0",406.85666666666674,60,0.0,64.91333333333333,60,2,NaN
07:49:48,L10009,427.63,3,"L10009_2,L10009_1,L10009_0",406.85666666666674,60,0.0,64.91333333333333,60,2,NaN
07:49:50,L10009,427.63,3,"L10009_2,L10009_1,L10009_0",406.85666666666674,60,0.0,64.91333333333333,60,2,NaN
07:49:52,L10009,427.63,3,"L10009_2,L10009_1,L10009_0",406.85666666666674,60,0.0,64.91333333333333,60,2,NaN
07:49:54,L10009,427.63,3,"L10009_2,L10009_1,L10009_0",406.85666666666674,60,0.0,64.91333333333333,60,2,NaN
07:49:56,L10009,427.63,3,"L10009_2,L10009_1,L10009_0",406.85666666666674,60,0.0,64.91333333333333,60,2,NaN
07:49:58,L10009,427.63,3,"L10009_2,L10009_1,L10009_0",406.85666666666674,60,0.0,64.91333333333333,60,2,NaN
07:50:00,L10009,427.63,3,"L10009_2,L10009_1,L10009_0",406.85666666666674,60,0.0,64.91333333333333,60,2,NaN
07:50:02,L10009,427.63,3,"L10009_2,L10009_1,L10009_0",406.85666666666674,60,0.0,64.91333333333333,60,2,NaN
07:50:04,L10009,427.63,3,"L10009_2,L10009_1,L10009_0",406.85666666666674,60,0.0,64.91333333333333,60,2,NaN
07:50:06,L10009,427.63,3,"L10009_2,L10009_1,L10009_0",406.85666666666674,60,0.0,64.91333333333333,60,2,NaN
07:50:08,L10009,427.63,3,"L10009_2,L10009_1,L10009_0",406.85666666666674,60,0.0,64.91333333333333,60,2,NaN
07:50:10,L10009,427.63,3,"L10009_2,L10009_1,L10009_0",406.85666666666674,60,0.0,64.91333333333333,60,2,NaN
07:50:12,L10009,427.63,3,"L10009_2,L10009_1,L10009_0",406.85666666666674,60,0.0,64.91333333333333,60,2,NaN
07:50:14,L10009,427.63,3,"L10009_2,L10009_1,L10009_0",406.85666666666674,60,0.0,64.91333333333333,60,2,NaN
07:50:16,L10009,427.63,3,"L10009_2,L10009_1,L10009_0",406.85666666666674,60,0.0,64.91333333333333,60,2,NaN
07:50:18,L10009,427.63,3,"L10009_2,L10009_1,L10009_0",406.85666666666674,60,0.0,64.91333333333333,60,2,NaN
07:50:20,L10009,427.63,3,"L10009_2,L10009_1,L10009_0",406.85666666666674,60,0.0,64.91333333333333,60,2,NaN
07:50:22,L10009,427.63,3,"L10009_2,L10009_1,L10009_0",406.85666666666674,60,0.0,64.91333333333333,60,2,NaN
07:50:24,L10009,427.63,3,"L10009_2,L10009_1,L10009_0",406.85666666666674,60,0.0,64.91333333333333,60,2,NaN
07:50:26,L10009,427.63,3,"L10009_2,L10009_1,L10009_0",406.85666666666674,60,0.0,64.91333333333333,60,2,NaN
07:50:28,L10009,427.63,3,"L10009_2,L10009_1,L10009_0",406.85666666666674,60,0.0,64.91333333333333,60,2,NaN
07:50:30,L10009,427.63,3,"L10009_2,L10009_1,L10009_0",406.85666666666674,60,0.0,64.91333333333333,60,2,NaN
07:50:32,L10009,427.63,3,"L10009_2,L10009_1,L10009_0",406.85666666666674,60,0.0,64.91333333333333,60,2,NaN
07:50:34,L10009,427.63,3,"L10009_2,L10009_1,L10009_0",406.85666666666674,60,0.0,64.91333333333333,60,2,NaN
07:50:36,L10009,427.63,3,"L10009_2,L10009_1,L10009_0",406.85666666666674,60,0.0,64.91333333333333,60,2,NaN
07:50:38,L10009,427.63,3,"L10009_2,L10009_1,L10009_0",406.85666666666674,60,0.0,64.91333333333333,60,2,NaN
07:50:40,L10009,427.63,3,"L10009_2,L10009_1,L10009_0",406.85666666666674,60,0.0,64.91333333333333,60,2,NaN
07:50:42,L10009,427.63,3,"L10009_2,L10009_1,L10009_0",406.85666666666674,60,0.0,64.91333333333333,60,2,NaN
07:50:44,L10009,427.63,3,"L10009_2,L10009_1,L10009_0",406.85666666666674,60,0.0,64.91333333333333,60,2,NaN
07:50:46,L10009,427.63,3,"L10009_2,L10009_1,L10009_0",406.85666666666674,60,0.0,64.91333333333333,60,2,NaN
07:50:48,L10009,427.63,3,"L10009_2,L10009_1,L10009_0",406.85666666666674,60,0.0,64.91333333333333,60,2,NaN
07:50:50,L10009,427.63,3,"L10009_2,L10009_1,L10009_0",406.85666666666674,60,0.0,64.91333333333333,60,2,NaN
07:50:52,L10009,427.63,3,"L10009_2,L10009_1,L10009_0",406.85666666666674,60,0.0,64.91333333333333,60,2,NaN
07:50:54,L10009,427.63,3,"L10009_2,L10009_1,L10009_0",406.85666666666674,60,0.0,64.91333333333333,60,2,NaN
07:50:56,L10009,427.63,3,"L10009_2,L10009_1,L10009_0",406.85666666666674,60,0.0,64.91333333333333,60,2,NaN
07:50:58,L10009,427.63,3,"L10009_2,L10009_1,L10009_0",406.85666666666674,60,0.0,64.91333333333333,60,2,NaN
07:51:00,L10009,427.63,3,"L10009_2,L10009_1,L10009_0",406.85666666666674,60,0.0,64.91333333333333,60,2,NaN
07:51:02,L10009,427.63,3,"L10009_2,L10009_1,L10009_0",406.85666666666674,60,0.0,64.91333333333333,60,2,NaN
07:51:04,L10009,427.63,3,"L10009_2,L10009_1,L10009_0",406.85666666666674,60,0.0,64.91333333333333,60,2,NaN
07:51:06,L10009,427.63,3,"L10009_2,L10009_1,L10009_0",406.85666666666674,60,0.0,64.91333333333333,60,2,NaN
07:51:08,L10009,427.63,3,"L10009_2,L10009_1,L10009_0",406.85666666666674,60,0.0,64.91333333333333,60,2,NaN
07:51:10,L10009,427.63,3,"L10009_2,L10009_1,L10009_0",406.85666666666674,60,0.0,64.91333333333333,60,2,NaN
07:51:12,L10009,427.63,3,"L10009_2,L10009_1,L10009_0",406.85666666666674,60,0.0,64.91333333333333,60,2,NaN
07:51:14,L10009,427.63,3,"L10009_2,L10009_1,L10009_0",406.85666666666674,60,0.0,64.91333333333333,60,2,NaN
07:51:16,L10009,427.63,3,"L10009_2,L10009_1,L10009_0",406.85666666666674,60,0.0,64.91333333333333,60,2,NaN
07:51:18,L10009,427.63,3,"L10009_2,L10009_1,L10009_0",406.85666666666674,60,0.0,64.91333333333333,60,2,NaN
07:51:20,L10009,427.63,3,"L10009_2,L10009_1,L10009_0",406.85666666666674,60,0.0,64.91333333333333,60,2,NaN
07:51:22,L10009,427.63,3,"L10009_2,L10009_1,L10009_0",406.85666666666674,60,0.0,64.91333333333333,60,2,NaN
07:51:24,L10009,427.63,3,"L10009_2,L10009_1,L10009_0",406.85666666666674,60,0.0,64.91333333333333,60,2,NaN
07:51:26,L10009,427.63,3,"L10009_2,L10009_1,L10009_0",406.85666666666674,60,0.0,64.91333333333333,60,2,NaN
07:51:28,L10009,427.63,3,"L10009_2,L10009_1,L10009_0",406.85666666666674,60,0.0,64.91333333333333,60,2,NaN
07:51:30,L10009,427.63,3,"L10009_2,L10009_1,L10009_0",406.85666666666674,60,0.0,64.91333333333333,60,2,NaN
07:51:32,L10009,427.63,3,"L10009_2,L10009_1,L10009_0",406.85666666666674,60,0.0,64.91333333333333,60,2,NaN
07:51:34,L10009,427.63,3,"L10009_2,L10009_1,L10009_0",406.85666666666674,60,0.0,64.91333333333333,60,2,NaN
07:51:36,L10009,427.63,3,"L10009_2,L10009_1,L10009_0",406.85666666666674,60,0.0,64.91333333333333,60,2,NaN
07:51:38,L10009,427.63,3,"L10009_2,L10009_1,L10009_0",406.85666666666674,60,0.0,64.91333333333333,60,2,NaN
07:51:40,L10009,427.63,3,"L10009_2,L10009_1,L10009_0",406.85666666666674,60,0.0,64.91333333333333,60,2,NaN
07:51:42,L10009,427.63,3,"L10009_2,L10009_1,L10009_0",406.85666666666674,60,0.0,64.91333333333333,60,2,NaN
07:51:44,L10009,427.63,3,"L10009_2,L10009_1,L10009_0",406.85666666666674,60,0.0,64.91333333333333,60,2,NaN
07:51:46,L10009,427.63,3,"L10009_2,L10009_1,L10009_0",406.85666666666674,60,0.0,64.91333333333333,60,2,NaN
07:51:48,L10009,427.63,3,"L10009_2,L10009_1,L10009_0",406.85666666666674,60,0.0,64.91333333333333,60,2,NaN
07:51:50,L10009,427.63,3,"L10009_2,L10009_1,L10009_0",406.85666666666674,60,0.0,64.91333333333333,60,2,NaN
07:51:52,L10009,427.63,3,"L10009_2,L10009_1,L10009_0",406.85666666666674,60,0.0,64.91333333333333,60,2,NaN
07:51:54,L10009,427.63,3,"L10009_2,L10009_1,L10009_0",406.85666666666674,60,0.0,64.91333333333333,60,2,NaN
07:51:56,L10009,427.63,3,"L10009_2,L10009_1,L10009_0",406.85666666666674,60,0.0,64.91333333333333,60,2,NaN
07:51:58,L10009,427.63,3,"L10009_2,L10009_1,L10009_0",406.85666666666674,60,0.0,64.91333333333333,60,2,NaN
07:52:00,L10009,427.63,3,"L10009_2,L10009_1,L10009_0",406.85666666666674,60,0.0,64.91333333333333,60,2,NaN
07:52:02,L10009,427.63,3,"L10009_2,L10009_1,L10009_0",406.85666666666674,60,0.0,64.91333333333333,60,2,NaN
07:52:04,L10009,427.63,3,"L10009_2,L10009_1,L10009_0",406.85666666666674,60,0.0,64.91333333333333,60,2,NaN
07:52:06,L10009,427.63,3,"L10009_2,L10009_1,L10009_0",406.85666666666674,60,0.0,64.91333333333333,60,2,NaN
07:52:08,L10009,427.63,3,"L10009_2,L10009_1,L10009_0",406.85666666666674,60,0.0,64.91333333333333,60,2,NaN
07:52:10,L10009,427.63,3,"L10009_2,L10009_1,L10009_0",406.85666666666674,60,0.0,64.91333333333333,60,2,NaN
07:52:12,L10009,427.63,3,"L10009_2,L10009_1,L10009_0",406.85666666666674,60,0.0,64.91333333333333,60,2,NaN
07:52:14,L10009,427.63,3,"L10009_2,L10009_1,L10009_0",406.85666666666674,60,0.0,64.91333333333333,60,2,NaN
07:52:16,L10009,427.63,3,"L10009_2,L10009_1,L10009_0",406.85666666666674,60,0.0,64.91333333333333,60,2,NaN
07:52:18,L10009,427.63,3,"L10009_2,L10009_1,L10009_0",406.85666666666674,60,0.0,64.91333333333333,60,2,NaN
07:52:20,L10009,427.63,3,"L10009_2,L10009_1,L10009_0",406.85666666666674,60,0.0,64.91333333333333,60,2,NaN
07:52:22,L10009,427.63,3,"L10009_2,L10009_1,L10009_0",406.85666666666674,60,0.0,64.91333333333333,60,2,NaN
07:52:24,L10009,427.63,3,"L10009_2,L10009_1,L10009_0",406.85666666666674,60,0.0,64.91333333333333,60,2,NaN
07:52:26,L10009,427.63,3,"L10009_2,L10009_1,L10009_0",406.85666666666674,60,0.0,64.91333333333333,60,2,NaN
07:52:28,L10009,427.63,3,"L10009_2,L10009_1,L10009_0",406.85666666666674,60,0.0,64.91333333333333,60,2,NaN
07:52:30,L10009,427.63,3,"L10009_2,L10009_1,L10009_0",406.85666666666674,60,0.0,64.91333333333333,60,2,NaN
07:52:32,L10009,427.63,3,"L10009_2,L10009_1,L10009_0",406.85666666666674,60,0.0,64.91333333333333,60,2,NaN
07:52:34,L10009,427.63,3,"L10009_2,L10009_1,L10009_0",406.85666666666674,60,0.0,64.91333333333333,60,2,NaN
07:52:36,L10009,427.63,3,"L10009_2,L10009_1,L10009_0",406.85666666666674,60,0.0,64.91333333333333,60,2,NaN
07:52:38,L10009,427.63,3,"L10009_2,L10009_1,L10009_0",406.85666666666674,60,0.0,64.91333333333333,60,2,NaN
07:52:40,L10009,427.63,3,"L10009_2,L10009_1,L10009_0",406.85666666666674,60,0.0,64.91333333333333,60,2,NaN
07:52:42,L10009,427.63,3,"L10009_2,L10009_1,L10009_0",406.85666666666674,60,0.0,64.91333333333333,60,2,NaN
07:52:44,L10009,427.63,3,"L10009_2,L10009_1,L10009_0",406.85666666666674,60,0.0,64.91333333333333,60,2,NaN
07:52:46,L10009,427.63,3,"L10009_2,L10009_1,L10009_0",406.85666666666674,60,0.0,64.91333333333333,60,2,NaN
07:52:48,L10009,427.63,3,"L10009_2,L10009_1,L10009_0",406.85666666666674,60,0.0,64.91333333333333,60,2,NaN
07:52:50,L10009,427.63,3,"L10009_2,L10009_1,L10009_0",406.85666666666674,60,0.0,64.91333333333333,60,2,NaN
07:52:52,L10009,427.63,3,"L10009_2,L10009_1,L10009_0",406.85666666666674,60,0.0,64.91333333333333,60,2,NaN
07:52:54,L10009,427.63,3,"L10009_2,L10009_1,L10009_0",406.85666666666674,60,0.0,64.91333333333333,60,2,NaN
07:52:56,L10009,427.63,3,"L10009_2,L10009_1,L10009_0",406.85666666666674,60,0.0,64.91333333333333,60,2,NaN
07:52:58,L10009,427.63,3,"L10009_2,L10009_1,L10009_0",406.85666666666674,60,0.0,64.91333333333333,60,2,NaN
07:53:00,L10009,427.63,3,"L10009_2,L10009_1,L10009_0",406.85666666666674,60,0.0,64.91333333333333,60,2,NaN
07:53:02,L10009,427.63,3,"L10009_2,L10009_1,L10009_0",406.85666666666674,60,0.0,64.91333333333333,60,2,NaN
07:53:04,L10009,427.63,3,"L10009_2,L10009_1,L10009_0",406.85666666666674,60,0.0,64.91333333333333,60,2,NaN
07:53:06,L10009,427.63,3,"L10009_2,L10009_1,L10009_0",406.85666666666674,60,0.0,64.91333333333333,60,2,NaN
07:53:08,L10009,427.63,3,"L10009_2,L10009_1,L10009_0",406.85666666666674,60,0.0,64.91333333333333,60,2,NaN
07:53:10,L10009,427.63,3,"L10009_2,L10009_1,L10009_0",406.85666666666674,60,0.0,64.91333333333333,60,2,NaN
07:53:12,L10009,427.63,3,"L10009_2,L10009_1,L10009_0",406.85666666666674,60,0.0,64.91333333333333,60,2,NaN
07:53:14,L10009,427.63,3,"L10009_2,L10009_1,L10009_0",406.85666666666674,60,0.0,64.91333333333333,60,2,NaN
07:53:16,L10009,427.63,3,"L10009_2,L10009_1,L10009_0",406.85666666666674,60,0.0,64.91333333333333,60,2,NaN
07:53:18,L10009,427.63,3,"L10009_2,L10009_1,L10009_0",406.85666666666674,60,0.0,64.91333333333333,60,2,NaN
07:53:20,L10009,427.63,3,"L10009_2,L10009_1,L10009_0",406.85666666666674,60,0.0,64.91333333333333,60,2,NaN
07:53:22,L10009,427.63,3,"L10009_2,L10009_1,L10009_0",406.85666666666674,60,0.0,64.91333333333333,60,2,NaN
07:53:24,L10009,427.63,3,"L10009_2,L10009_1,L10009_0",406.85666666666674,60,0.0,64.91333333333333,60,2,NaN
07:53:26,L10009,427.63,3,"L10009_2,L10009_1,L10009_0",406.85666666666674,60,0.0,64.91333333333333,60,2,NaN
07:53:28,L10009,427.63,3,"L10009_2,L10009_1,L10009_0",406.85666666666674,60,0.0,64.91333333333333,60,2,NaN
07:53:30,L10009,427.63,3,"L10009_2,L10009_1,L10009_0",406.85666666666674,60,0.0,64.91333333333333,60,2,NaN
07:53:32,L10009,427.63,3,"L10009_2,L10009_1,L10009_0",406.85666666666674,60,0.0,64.91333333333333,60,2,NaN
07:53:34,L10009,427.63,3,"L10009_2,L10009_1,L10009_0",406.85666666666674,60,0.0,64.91333333333333,60,2,NaN
07:53:36,L10009,427.63,3,"L10009_2,L10009_1,L10009_0",406.85666666666674,60,0.0,64.91333333333333,60,2,NaN
07:53:38,L10009,427.63,3,"L10009_2,L10009_1,L10009_0",406.85666666666674,60,0.0,64.91333333333333,60,2,NaN
07:53:40,L10009,427.63,3,"L10009_2,L10009_1,L10009_0",406.85666666666674,60,0.0,64.91333333333333,60,2,NaN
07:53:42,L10009,427.63,3,"L10009_2,L10009_1,L10009_0",406.85666666666674,60,0.0,64.91333333333333,60,2,NaN
07:53:44,L10009,427.63,3,"L10009_2,L10009_1,L10009_0",406.85666666666674,60,0.0,64.91333333333333,60,2,NaN
07:53:46,L10009,427.63,3,"L10009_2,L10009_1,L10009_0",406.85666666666674,60,0.0,64.91333333333333,60,2,NaN
07:53:48,L10009,427.63,3,"L10009_2,L10009_1,L10009_0",406.85666666666674,60,0.0,64.91333333333333,60,2,NaN
07:53:50,L10009,427.63,3,"L10009_2,L10009_1,L10009_0",406.85666666666674,60,0.0,64.91333333333333,60,2,NaN
07:53:52,L10009,427.63,3,"L10009_2,L10009_1,L10009_0",406.85666666666674,60,0.0,64.91333333333333,60,2,NaN
07:53:54,L10009,427.63,3,"L10009_2,L10009_1,L10009_0",406.85666666666674,60,0.0,64.91333333333333,60,2,NaN
07:53:56,L10009,427.63,3,"L10009_2,L10009_1,L10009_0",406.85666666666674,60,0.0,64.91333333333333,60,2,NaN
07:53:58,L10009,427.63,3,"L10009_2,L10009_1,L10009_0",406.85666666666674,60,0.0,64.91333333333333,60,2,NaN
07:54:00,L10009,427.63,3,"L10009_2,L10009_1,L10009_0",406.85666666666674,60,0.0,64.91333333333333,60,2,NaN
07:54:02,L10009,427.63,3,"L10009_2,L10009_1,L10009_0",406.85666666666674,60,0.0,64.91333333333333,60,2,NaN
07:54:04,L10009,427.63,3,"L10009_2,L10009_1,L10009_0",406.85666666666674,60,0.0,64.91333333333333,60,2,NaN
07:54:06,L10009,427.63,3,"L10009_2,L10009_1,L10009_0",406.85666666666674,60,0.0,64.91333333333333,60,2,NaN
07:54:08,L10009,427.63,3,"L10009_2,L10009_1,L10009_0",406.85666666666674,60,0.0,64.91333333333333,60,2,NaN
07:54:10,L10009,427.63,3,"L10009_2,L10009_1,L10009_0",406.85666666666674,60,0.0,64.91333333333333,60,2,NaN
07:54:12,L10009,427.63,3,"L10009_2,L10009_1,L10009_0",406.85666666666674,60,0.0,64.91333333333333,60,2,NaN
07:54:14,L10009,427.63,3,"L10009_2,L10009_1,L10009_0",406.85666666666674,60,0.0,64.91333333333333,60,2,NaN
07:54:16,L10009,427.63,3,"L10009_2,L10009_1,L10009_0",406.85666666666674,60,0.0,64.91333333333333,60,2,NaN
07:54:18,L10009,427.63,3,"L10009_2,L10009_1,L10009_0",406.85666666666674,60,0.0,64.91333333333333,60,2,NaN
07:54:20,L10009,427.63,3,"L10009_2,L10009_1,L10009_0",406.85666666666674,60,0.0,64.91333333333333,60,2,NaN
07:54:22,L10009,427.63,3,"L10009_2,L10009_1,L10009_0",406.85666666666674,60,0.0,64.91333333333333,60,2,NaN
07:54:24,L10009,427.63,3,"L10009_2,L10009_1,L10009_0",406.85666666666674,60,0.0,64.91333333333333,60,2,NaN
07:54:26,L10009,427.63,3,"L10009_2,L10009_1,L10009_0",406.85666666666674,60,0.0,64.91333333333333,60,2,NaN
07:54:28,L10009,427.63,3,"L10009_2,L10009_1,L10009_0",406.85666666666674,60,0.0,64.91333333333333,60,2,NaN
07:54:30,L10009,427.63,3,"L10009_2,L10009_1,L10009_0",406.85666666666674,60,0.0,64.91333333333333,60,2,NaN
07:54:32,L10009,427.63,3,"L10009_2,L10009_1,L10009_0",406.85666666666674,60,0.0,64.91333333333333,60,2,NaN
07:54:34,L10009,427.63,3,"L10009_2,L10009_1,L10009_0",406.85666666666674,60,0.0,64.91333333333333,60,2,NaN
07:54:36,L10009,427.63,3,"L10009_2,L10009_1,L10009_0",406.85666666666674,60,0.0,64.91333333333333,60,2,NaN
07:54:38,L10009,427.63,3,"L10009_2,L10009_1,L10009_0",406.85666666666674,60,0.0,64.91333333333333,60,2,NaN
07:54:40,L10009,427.63,3,"L10009_2,L10009_1,L10009_0",406.85666666666674,60,0.0,64.91333333333333,60,2,NaN
07:54:42,L10009,427.63,3,"L10009_2,L10009_1,L10009_0",406.85666666666674,60,0.0,64.91333333333333,60,2,NaN
07:54:44,L10009,427.63,3,"L10009_2,L10009_1,L10009_0",406.85666666666674,60,0.0,64.91333333333333,60,2,NaN
07:54:46,L10009,427.63,3,"L10009_2,L10009_1,L10009_0",406.85666666666674,60,0.0,64.91333333333333,60,2,NaN
07:54:48,L10009,427.63,3,"L10009_2,L10009_1,L10009_0",406.85666666666674,60,0.0,64.91333333333333,60,2,NaN
07:54:50,L10009,427.63,3,"L10009_2,L10009_1,L10009_0",406.85666666666674,60,0.0,64.91333333333333,60,2,NaN
07:54:52,L10009,427.63,3,"L10009_2,L10009_1,L10009_0",406.85666666666674,60,0.0,64.91333333333333,60,2,NaN
07:54:54,L10009,427.63,3,"L10009_2,L10009_1,L10009_0",406.85666666666674,60,0.0,64.91333333333333,60,2,NaN
07:54:56,L10009,427.63,3,"L10009_2,L10009_1,L10009_0",406.85666666666674,60,0.0,64.91333333333333,60,2,NaN
07:54:58,L10009,427.63,3,"L10009_2,L10009_1,L10009_0",406.85666666666674,60,0.0,64.91333333333333,60,2,NaN
07:55:00,L10009,427.63,3,"L10009_2,L10009_1,L10009_0",406.85666666666674,60,0.0,64.91333333333333,60,2,NaN
07:55:02,L10009,427.63,3,"L10009_2,L10009_1,L10009_0",406.85666666666674,60,0.0,64.91333333333333,60,2,NaN
07:55:04,L10009,427.63,3,"L10009_2,L10009_1,L10009_0",406.85666666666674,60,0.0,64.91333333333333,60,2,NaN
07:55:06,L10009,427.63,3,"L10009_2,L10009_1,L10009_0",406.85666666666674,60,0.0,64.91333333333333,60,2,NaN
07:55:08,L10009,427.63,3,"L10009_2,L10009_1,L10009_0",406.85666666666674,60,0.0,64.91333333333333,60,2,NaN
07:55:10,L10009,427.63,3,"L10009_2,L10009_1,L10009_0",406.85666666666674,60,0.0,64.91333333333333,60,2,NaN
07:55:12,L10009,427.63,3,"L10009_2,L10009_1,L10009_0",406.85666666666674,60,0.0,64.91333333333333,60,2,NaN
07:55:14,L10009,427.63,3,"L10009_2,L10009_1,L10009_0",406.85666666666674,60,0.0,64.91333333333333,60,2,NaN
07:55:16,L10009,427.63,3,"L10009_2,L10009_1,L10009_0",406.85666666666674,60,0.0,64.91333333333333,60,2,NaN
07:55:18,L10009,427.63,3,"L10009_2,L10009_1,L10009_0",406.85666666666674,60,0.0,64.91333333333333,60,2,NaN
07:55:20,L10009,427.63,3,"L10009_2,L10009_1,L10009_0",406.85666666666674,60,0.0,64.91333333333333,60,2,NaN
07:55:22,L10009,427.63,3,"L10009_2,L10009_1,L10009_0",406.85666666666674,60,0.0,64.91333333333333,60,2,NaN
07:55:24,L10009,427.63,3,"L10009_2,L10009_1,L10009_0",406.85666666666674,60,0.0,64.91333333333333,60,2,NaN
07:55:26,L10009,427.63,3,"L10009_2,L10009_1,L10009_0",406.85666666666674,60,0.0,64.91333333333333,60,2,NaN
07:55:28,L10009,427.63,3,"L10009_2,L10009_1,L10009_0",406.85666666666674,60,0.0,64.91333333333333,60,2,NaN
07:55:30,L10009,427.63,3,"L10009_2,L10009_1,L10009_0",406.85666666666674,60,0.0,64.91333333333333,60,2,NaN
07:55:32,L10009,427.63,3,"L10009_2,L10009_1,L10009_0",406.85666666666674,60,0.0,64.91333333333333,60,2,NaN
07:55:34,L10009,427.63,3,"L10009_2,L10009_1,L10009_0",406.85666666666674,60,0.0,64.91333333333333,60,2,NaN
07:55:36,L10009,427.63,3,"L10009_2,L10009_1,L10009_0",406.85666666666674,60,0.0,64.91333333333333,60,2,NaN
07:55:38,L10009,427.63,3,"L10009_2,L10009_1,L10009_0",406.85666666666674,60,0.0,64.91333333333333,60,2,NaN
07:55:40,L10009,427.63,3,"L10009_2,L10009_1,L10009_0",406.85666666666674,60,0.0,64.91333333333333,60,2,NaN
07:55:42,L10009,427.63,3,"L10009_2,L10009_1,L10009_0",406.85666666666674,60,0.0,64.91333333333333,60,2,NaN
07:55:44,L10009,427.63,3,"L10009_2,L10009_1,L10009_0",406.85666666666674,60,0.0,64.91333333333333,60,2,NaN
07:55:46,L10009,427.63,3,"L10009_2,L10009_1,L10009_0",406.85666666666674,60,0.0,64.91333333333333,60,2,NaN
07:55:48,L10009,427.63,3,"L10009_2,L10009_1,L10009_0",406.85666666666674,60,0.0,64.91333333333333,60,2,NaN
07:55:50,L10009,427.63,3,"L10009_2,L10009_1,L10009_0",406.85666666666674,60,0.0,64.91333333333333,60,2,NaN
07:55:52,L10009,427.63,3,"L10009_2,L10009_1,L10009_0",406.85666666666674,60,0.0,64.91333333333333,60,2,NaN
07:55:54,L10009,427.63,3,"L10009_2,L10009_1,L10009_0",406.85666666666674,60,0.0,64.91333333333333,60,2,NaN
07:55:56,L10009,427.63,3,"L10009_2,L10009_1,L10009_0",406.85666666666674,60,0.0,64.91333333333333,60,2,NaN
07:55:58,L10009,427.63,3,"L10009_2,L10009_1,L10009_0",406.85666666666674,60,0.0,64.91333333333333,60,2,NaN
07:56:00,L10009,427.63,3,"L10009_2,L10009_1,L10009_0",406.85666666666674,60,0.0,64.91333333333333,60,2,NaN
07:56:02,L10009,427.63,3,"L10009_2,L10009_1,L10009_0",406.85666666666674,60,0.0,64.91333333333333,60,2,NaN
07:56:04,L10009,427.63,3,"L10009_2,L10009_1,L10009_0",406.85666666666674,60,0.0,64.91333333333333,60,2,NaN
07:56:06,L10009,427.63,3,"L10009_2,L10009_1,L10009_0",406.85666666666674,60,0.0,64.91333333333333,60,2,NaN
07:56:08,L10009,427.63,3,"L10009_2,L10009_1,L10009_0",406.85666666666674,60,0.0,64.91333333333333,60,2,NaN
07:56:10,L10009,427.63,3,"L10009_2,L10009_1,L10009_0",406.85666666666674,60,0.0,64.91333333333333,60,2,NaN
07:56:12,L10009,427.63,3,"L10009_2,L10009_1,L10009_0",406.85666666666674,60,0.0,64.91333333333333,60,2,NaN
07:56:14,L10009,427.63,3,"L10009_2,L10009_1,L10009_0",406.85666666666674,60,0.0,64.91333333333333,60,2,NaN
07:56:16,L10009,427.63,3,"L10009_2,L10009_1,L10009_0",406.85666666666674,60,0.0,64.91333333333333,60,2,NaN
07:56:18,L10009,427.63,3,"L10009_2,L10009_1,L10009_0",406.85666666666674,60,0.0,64.91333333333333,60,2,NaN
07:56:20,L10009,427.63,3,"L10009_2,L10009_1,L10009_0",406.85666666666674,60,0.0,64.91333333333333,60,2,NaN
07:56:22,L10009,427.63,3,"L10009_2,L10009_1,L10009_0",406.85666666666674,60,0.0,64.91333333333333,60,2,NaN
07:56:24,L10009,427.63,3,"L10009_2,L10009_1,L10009_0",406.85666666666674,60,0.0,64.91333333333333,60,2,NaN
07:56:26,L10009,427.63,3,"L10009_2,L10009_1,L10009_0",406.85666666666674,60,0.0,64.91333333333333,60,2,NaN
07:56:28,L10009,427.63,3,"L10009_2,L10009_1,L10009_0",406.85666666666674,60,0.0,64.91333333333333,60,2,NaN
07:56:30,L10009,427.63,3,"L10009_2,L10009_1,L10009_0",406.85666666666674,60,0.0,64.91333333333333,60,2,NaN
07:56:32,L10009,427.63,3,"L10009_2,L10009_1,L10009_0",406.85666666666674,60,0.0,64.91333333333333,60,2,NaN
07:56:34,L10009,427.63,3,"L10009_2,L10009_1,L10009_0",406.85666666666674,60,0.0,64.91333333333333,60,2,NaN
07:56:36,L10009,427.63,3,"L10009_2,L10009_1,L10009_0",406.85666666666674,60,0.0,64.91333333333333,60,2,NaN
07:56:38,L10009,427.63,3,"L10009_2,L10009_1,L10009_0",406.85666666666674,60,0.0,64.91333333333333,60,2,NaN
07:56:40,L10009,427.63,3,"L10009_2,L10009_1,L10009_0",406.85666666666674,60,0.0,64.91333333333333,60,2,NaN
07:56:42,L10009,427.63,3,"L10009_2,L10009_1,L10009_0",406.85666666666674,60,0.0,64.91333333333333,60,2,NaN
07:56:44,L10009,427.63,3,"L10009_2,L10009_1,L10009_0",406.85666666666674,60,0.0,64.91333333333333,60,2,NaN
07:56:46,L10009,427.63,3,"L10009_2,L10009_1,L10009_0",406.85666666666674,60,0.0,64.91333333333333,60,2,NaN
07:56:48,L10009,427.63,3,"L10009_2,L10009_1,L10009_0",406.85666666666674,60,0.0,64.91333333333333,60,2,NaN
07:56:50,L10009,427.63,3,"L10009_2,L10009_1,L10009_0",406.85666666666674,60,0.0,64.91333333333333,60,2,NaN
07:56:52,L10009,427.63,3,"L10009_2,L10009_1,L10009_0",406.85666666666674,60,0.0,64.91333333333333,60,2,NaN
07:56:54,L10009,427.63,3,"L10009_2,L10009_1,L10009_0",406.85666666666674,60,0.0,64.91333333333333,60,2,NaN
07:56:56,L10009,427.63,3,"L10009_2,L10009_1,L10009_0",406.85666666666674,60,0.0,64.91333333333333,60,2,NaN
07:56:58,L10009,427.63,3,"L10009_2,L10009_1,L10009_0",406.85666666666674,60,0.0,64.91333333333333,60,2,NaN
07:57:00,L10009,427.63,3,"L10009_2,L10009_1,L10009_0",406.85666666666674,60,0.0,64.91333333333333,60,2,NaN
07:57:02,L10009,427.63,3,"L10009_2,L10009_1,L10009_0",406.85666666666674,60,0.0,64.91333333333333,60,2,NaN
07:57:04,L10009,427.63,3,"L10009_2,L10009_1,L10009_0",406.85666666666674,60,0.0,64.91333333333333,60,2,NaN
07:57:06,L10009,427.63,3,"L10009_2,L10009_1,L10009_0",406.85666666666674,60,0.0,64.91333333333333,60,2,NaN
07:57:08,L10009,427.63,3,"L10009_2,L10009_1,L10009_0",406.85666666666674,60,0.0,64.91333333333333,60,2,NaN
07:57:10,L10009,427.63,3,"L10009_2,L10009_1,L10009_0",406.85666666666674,60,0.0,64.91333333333333,60,2,NaN
07:57:12,L10009,427.63,3,"L10009_2,L10009_1,L10009_0",406.85666666666674,60,0.0,64.91333333333333,60,2,NaN
07:57:14,L10009,427.63,3,"L10009_2,L10009_1,L10009_0",406.85666666666674,60,0.0,64.91333333333333,60,2,NaN
07:57:16,L10009,427.63,3,"L10009_2,L10009_1,L10009_0",406.85666666666674,60,0.0,64.91333333333333,60,2,NaN
07:57:18,L10009,427.63,3,"L10009_2,L10009_1,L10009_0",406.85666666666674,60,0.0,64.91333333333333,60,2,NaN
07:57:20,L10009,427.63,3,"L10009_2,L10009_1,L10009_0",406.85666666666674,60,0.0,64.91333333333333,60,2,NaN
07:57:22,L10009,427.63,3,"L10009_2,L10009_1,L10009_0",406.85666666666674,60,0.0,64.91333333333333,60,2,NaN
07:57:24,L10009,427.63,3,"L10009_2,L10009_1,L10009_0",406.85666666666674,60,0.0,64.91333333333333,60,2,NaN
07:57:26,L10009,427.63,3,"L10009_2,L10009_1,L10009_0",406.85666666666674,60,0.0,64.91333333333333,60,2,NaN
07:57:28,L10009,427.63,3,"L10009_2,L10009_1,L10009_0",406.85666666666674,60,0.0,64.91333333333333,60,2,NaN
07:57:30,L10009,427.63,3,"L10009_2,L10009_1,L10009_0",406.85666666666674,60,0.0,64.91333333333333,60,2,NaN
07:57:32,L10009,427.63,3,"L10009_2,L10009_1,L10009_0",406.85666666666674,60,0.0,64.91333333333333,60,2,NaN
07:57:34,L10009,427.63,3,"L10009_2,L10009_1,L10009_0",406.85666666666674,60,0.0,64.91333333333333,60,2,NaN
07:57:36,L10009,427.63,3,"L10009_2,L10009_1,L10009_0",406.85666666666674,60,0.0,64.91333333333333,60,2,NaN
07:57:38,L10009,427.63,3,"L10009_2,L10009_1,L10009_0",406.85666666666674,60,0.0,64.91333333333333,60,2,NaN
07:57:40,L10009,427.63,3,"L10009_2,L10009_1,L10009_0",406.85666666666674,60,0.0,64.91333333333333,60,2,NaN
07:57:42,L10009,427.63,3,"L10009_2,L10009_1,L10009_0",406.85666666666674,60,0.0,64.91333333333333,60,2,NaN
07:57:44,L10009,427.63,3,"L10009_2,L10009_1,L10009_0",406.85666666666674,60,0.0,64.91333333333333,60,2,NaN
07:57:46,L10009,427.63,3,"L10009_2,L10009_1,L10009_0",406.85666666666674,60,0.0,64.91333333333333,60,2,NaN
07:57:48,L10009,427.63,3,"L10009_2,L10009_1,L10009_0",406.85666666666674,60,0.0,64.91333333333333,60,2,NaN
07:57:50,L10009,427.63,3,"L10009_2,L10009_1,L10009_0",406.85666666666674,60,0.0,64.91333333333333,60,2,NaN
07:57:52,L10009,427.63,3,"L10009_2,L10009_1,L10009_0",406.85666666666674,60,0.0,64.91333333333333,60,2,NaN
07:57:54,L10009,427.63,3,"L10009_2,L10009_1,L10009_0",406.85666666666674,60,0.0,64.91333333333333,60,2,NaN
07:57:56,L10009,427.63,3,"L10009_2,L10009_1,L10009_0",406.85666666666674,60,0.0,64.91333333333333,60,2,NaN
07:57:58,L10009,427.63,3,"L10009_2,L10009_1,L10009_0",406.85666666666674,60,0.0,64.91333333333333,60,2,NaN
07:58:00,L10009,427.63,3,"L10009_2,L10009_1,L10009_0",406.85666666666674,60,0.0,64.91333333333333,60,2,NaN
07:58:02,L10009,427.63,3,"L10009_2,L10009_1,L10009_0",406.85666666666674,60,0.0,64.91333333333333,60,2,NaN
07:58:04,L10009,427.63,3,"L10009_2,L10009_1,L10009_0",406.85666666666674,60,0.0,64.91333333333333,60,2,NaN
07:58:06,L10009,427.63,3,"L10009_2,L10009_1,L10009_0",406.85666666666674,60,0.0,64.91333333333333,60,2,NaN
07:58:08,L10009,427.63,3,"L10009_2,L10009_1,L10009_0",406.85666666666674,60,0.0,64.91333333333333,60,2,NaN
07:58:10,L10009,427.63,3,"L10009_2,L10009_1,L10009_0",406.85666666666674,60,0.0,64.91333333333333,60,2,NaN
07:58:12,L10009,427.63,3,"L10009_2,L10009_1,L10009_0",406.85666666666674,60,0.0,64.91333333333333,60,2,NaN
07:58:14,L10009,427.63,3,"L10009_2,L10009_1,L10009_0",406.85666666666674,60,0.0,64.91333333333333,60,2,NaN
07:58:16,L10009,427.63,3,"L10009_2,L10009_1,L10009_0",406.85666666666674,60,0.0,64.91333333333333,60,2,NaN
07:58:18,L10009,427.63,3,"L10009_2,L10009_1,L10009_0",406.85666666666674,60,0.0,64.91333333333333,60,2,NaN
07:58:20,L10009,427.63,3,"L10009_2,L10009_1,L10009_0",406.85666666666674,60,0.0,64.91333333333333,60,2,NaN
07:58:22,L10009,427.63,3,"L10009_2,L10009_1,L10009_0",406.85666666666674,60,0.0,64.91333333333333,60,2,NaN
07:58:24,L10009,427.63,3,"L10009_2,L10009_1,L10009_0",406.85666666666674,60,0.0,64.91333333333333,60,2,NaN
07:58:26,L10009,427.63,3,"L10009_2,L10009_1,L10009_0",406.85666666666674,60,0.0,64.91333333333333,60,2,NaN
07:58:28,L10009,427.63,3,"L10009_2,L10009_1,L10009_0",406.85666666666674,60,0.0,64.91333333333333,60,2,NaN
07:58:30,L10009,427.63,3,"L10009_2,L10009_1,L10009_0",406.85666666666674,60,0.0,64.91333333333333,60,2,NaN
07:58:32,L10009,427.63,3,"L10009_2,L10009_1,L10009_0",406.85666666666674,60,0.0,64.91333333333333,60,2,NaN
07:58:34,L10009,427.63,3,"L10009_2,L10009_1,L10009_0",406.85666666666674,60,0.0,64.91333333333333,60,2,NaN
07:58:36,L10009,427.63,3,"L10009_2,L10009_1,L10009_0",406.85666666666674,60,0.0,64.91333333333333,60,2,NaN
07:58:38,L10009,427.63,3,"L10009_2,L10009_1,L10009_0",406.85666666666674,60,0.0,64.91333333333333,60,2,NaN
07:58:40,L10009,427.63,3,"L10009_2,L10009_1,L10009_0",406.85666666666674,60,0.0,64.91333333333333,60,2,NaN
07:58:42,L10009,427.63,3,"L10009_2,L10009_1,L10009_0",406.85666666666674,60,0.0,64.91333333333333,60,2,NaN
07:58:44,L10009,427.63,3,"L10009_2,L10009_1,L10009_0",406.85666666666674,60,0.0,64.91333333333333,60,2,NaN
07:58:46,L10009,427.63,3,"L10009_2,L10009_1,L10009_0",406.85666666666674,60,0.0,64.91333333333333,60,2,NaN
07:58:48,L10009,427.63,3,"L10009_2,L10009_1,L10009_0",406.85666666666674,60,0.0,64.91333333333333,60,2,NaN
07:58:50,L10009,427.63,3,"L10009_2,L10009_1,L10009_0",406.85666666666674,60,0.0,64.91333333333333,60,2,NaN
07:58:52,L10009,427.63,3,"L10009_2,L10009_1,L10009_0",406.85666666666674,60,0.0,64.91333333333333,60,2,NaN
07:58:54,L10009,427.63,3,"L10009_2,L10009_1,L10009_0",406.85666666666674,60,0.0,64.91333333333333,60,2,NaN
07:58:56,L10009,427.63,3,"L10009_2,L10009_1,L10009_0",406.85666666666674,60,0.0,64.91333333333333,60,2,NaN
07:58:58,L10009,427.63,3,"L10009_2,L10009_1,L10009_0",406.85666666666674,60,0.0,64.91333333333333,60,2,NaN
07:59:00,L10009,427.63,3,"L10009_2,L10009_1,L10009_0",406.85666666666674,60,0.0,64.91333333333333,60,2,NaN
07:59:02,L10009,427.63,3,"L10009_2,L10009_1,L10009_0",406.85666666666674,60,0.0,64.91333333333333,60,2,NaN
07:59:04,L10009,427.63,3,"L10009_2,L10009_1,L10009_0",406.85666666666674,60,0.0,64.91333333333333,60,2,NaN
07:59:06,L10009,427.63,3,"L10009_2,L10009_1,L10009_0",406.85666666666674,60,0.0,64.91333333333333,60,2,NaN
07:59:08,L10009,427.63,3,"L10009_2,L10009_1,L10009_0",406.85666666666674,60,0.0,64.91333333333333,60,2,NaN
07:59:10,L10009,427.63,3,"L10009_2,L10009_1,L10009_0",406.85666666666674,60,0.0,64.91333333333333,60,2,NaN
07:59:12,L10009,427.63,3,"L10009_2,L10009_1,L10009_0",406.85666666666674,60,0.0,64.91333333333333,60,2,NaN
07:59:14,L10009,427.63,3,"L10009_2,L10009_1,L10009_0",406.85666666666674,60,0.0,64.91333333333333,60,2,NaN
07:59:16,L10009,427.63,3,"L10009_2,L10009_1,L10009_0",406.85666666666674,60,0.0,64.91333333333333,60,2,NaN
07:59:18,L10009,427.63,3,"L10009_2,L10009_1,L10009_0",406.85666666666674,60,0.0,64.91333333333333,60,2,NaN
07:59:20,L10009,427.63,3,"L10009_2,L10009_1,L10009_0",406.85666666666674,60,0.0,64.91333333333333,60,2,NaN
07:59:22,L10009,427.63,3,"L10009_2,L10009_1,L10009_0",406.85666666666674,60,0.0,64.91333333333333,60,2,NaN
07:59:24,L10009,427.63,3,"L10009_2,L10009_1,L10009_0",406.85666666666674,60,0.0,64.91333333333333,60,2,NaN
07:59:26,L10009,427.63,3,"L10009_2,L10009_1,L10009_0",406.85666666666674,60,0.0,64.91333333333333,60,2,NaN
07:59:28,L10009,427.63,3,"L10009_2,L10009_1,L10009_0",406.85666666666674,60,0.0,64.91333333333333,60,2,NaN
07:59:30,L10009,427.63,3,"L10009_2,L10009_1,L10009_0",406.85666666666674,60,0.0,64.91333333333333,60,2,NaN
07:59:32,L10009,427.63,3,"L10009_2,L10009_1,L10009_0",406.85666666666674,60,0.0,64.91333333333333,60,2,NaN
07:59:34,L10009,427.63,3,"L10009_2,L10009_1,L10009_0",406.85666666666674,60,0.0,64.91333333333333,60,2,NaN
07:59:36,L10009,427.63,3,"L10009_2,L10009_1,L10009_0",406.85666666666674,60,0.0,64.91333333333333,60,2,NaN
07:59:38,L10009,427.63,3,"L10009_2,L10009_1,L10009_0",406.85666666666674,60,0.0,64.91333333333333,60,2,NaN
07:59:40,L10009,427.63,3,"L10009_2,L10009_1,L10009_0",406.85666666666674,60,0.0,64.91333333333333,60,2,NaN
07:59:42,L10009,427.63,3,"L10009_2,L10009_1,L10009_0",406.85666666666674,60,0.0,64.91333333333333,60,2,NaN
07:59:44,L10009,427.63,3,"L10009_2,L10009_1,L10009_0",406.85666666666674,60,0.0,64.91333333333333,60,2,NaN
07:59:46,L10009,427.63,3,"L10009_2,L10009_1,L10009_0",406.85666666666674,60,0.0,64.91333333333333,60,2,NaN
07:59:48,L10009,427.63,3,"L10009_2,L10009_1,L10009_0",406.85666666666674,60,0.0,64.91333333333333,60,2,NaN
07:59:50,L10009,427.63,3,"L10009_2,L10009_1,L10009_0",406.85666666666674,60,0.0,64.91333333333333,60,2,NaN
07:59:52,L10009,427.63,3,"L10009_2,L10009_1,L10009_0",406.85666666666674,60,0.0,64.91333333333333,60,2,NaN
07:59:54,L10009,427.63,3,"L10009_2,L10009_1,L10009_0",406.85666666666674,60,0.0,64.91333333333333,60,2,NaN
07:59:56,L10009,427.63,3,"L10009_2,L10009_1,L10009_0",406.85666666666674,60,0.0,64.91333333333333,60,2,NaN
07:59:58,L10009,427.63,3,"L10009_2,L10009_1,L10009_0",406.85666666666674,60,0.0,64.91333333333333,60,2,NaN
08:00:00,L10009,427.63,3,"L10009_2,L10009_1,L10009_0",406.85666666666674,60,0.0,64.91333333333333,60,2,NaN
08:00:02,L10009,427.63,3,"L10009_2,L10009_1,L10009_0",406.85666666666674,60,0.0,64.91333333333333,60,2,NaN
08:00:04,L10009,427.63,3,"L10009_2,L10009_1,L10009_0",406.85666666666674,60,0.0,64.91333333333333,60,2,NaN
08:00:06,L10009,427.63,3,"L10009_2,L10009_1,L10009_0",406.85666666666674,60,0.0,64.91333333333333,60,2,NaN
08:00:08,L10009,427.63,3,"L10009_2,L10009_1,L10009_0",406.85666666666674,60,0.0,64.91333333333333,60,2,NaN
08:00:10,L10009,427.63,3,"L10009_2,L10009_1,L10009_0",406.85666666666674,60,0.0,64.91333333333333,60,2,NaN
08:00:12,L10009,427.63,3,"L10009_2,L10009_1,L10009_0",406.85666666666674,60,0.0,64.91333333333333,60,2,NaN
08:00:14,L10009,427.63,3,"L10009_2,L10009_1,L10009_0",406.85666666666674,60,0.0,64.91333333333333,60,2,NaN
08:00:16,L10009,427.63,3,"L10009_2,L10009_1,L10009_0",406.85666666666674,60,0.0,64.91333333333333,60,2,NaN
08:00:18,L10009,427.63,3,"L10009_2,L10009_1,L10009_0",406.85666666666674,60,0.0,64.91333333333333,60,2,NaN
08:00:20,L10009,427.63,3,"L10009_2,L10009_1,L10009_0",406.85666666666674,60,0.0,64.91333333333333,60,2,NaN
08:00:22,L10009,427.63,3,"L10009_2,L10009_1,L10009_0",406.85666666666674,60,0.0,64.91333333333333,60,2,NaN
08:00:24,L10009,427.63,3,"L10009_2,L10009_1,L10009_0",406.85666666666674,60,0.0,64.91333333333333,60,2,NaN
08:00:26,L10009,427.63,3,"L10009_2,L10009_1,L10009_0",406.85666666666674,60,0.0,64.91333333333333,60,2,NaN
08:00:28,L10009,427.63,3,"L10009_2,L10009_1,L10009_0",406.85666666666674,60,0.0,64.91333333333333,60,2,NaN
08:00:30,L10009,427.63,3,"L10009_2,L10009_1,L10009_0",406.85666666666674,60,0.0,64.91333333333333,60,2,NaN
08:00:32,L10009,427.63,3,"L10009_2,L10009_1,L10009_0",406.85666666666674,60,0.0,64.91333333333333,60,2,NaN
08:00:34,L10009,427.63,3,"L10009_2,L10009_1,L10009_0",406.85666666666674,60,0.0,64.91333333333333,60,2,NaN
08:00:36,L10009,427.63,3,"L10009_2,L10009_1,L10009_0",406.85666666666674,60,0.0,64.91333333333333,60,2,NaN
08:00:38,L10009,427.63,3,"L10009_2,L10009_1,L10009_0",406.85666666666674,60,0.0,64.91333333333333,60,2,NaN
08:00:40,L10009,427.63,3,"L10009_2,L10009_1,L10009_0",406.85666666666674,60,0.0,64.91333333333333,60,2,NaN
08:00:42,L10009,427.63,3,"L10009_2,L10009_1,L10009_0",406.85666666666674,60,0.0,64.91333333333333,60,2,NaN
08:00:44,L10009,427.63,3,"L10009_2,L10009_1,L10009_0",406.85666666666674,60,0.0,64.91333333333333,60,2,NaN
08:00:46,L10009,427.63,3,"L10009_2,L10009_1,L10009_0",406.85666666666674,60,0.0,64.91333333333333,60,2,NaN
08:00:48,L10009,427.63,3,"L10009_2,L10009_1,L10009_0",406.85666666666674,60,0.0,64.91333333333333,60,2,NaN
08:00:50,L10009,427.63,3,"L10009_2,L10009_1,L10009_0",406.85666666666674,60,0.0,64.91333333333333,60,2,NaN
08:00:52,L10009,427.63,3,"L10009_2,L10009_1,L10009_0",406.85666666666674,60,0.0,64.91333333333333,60,2,NaN
08:00:54,L10009,427.63,3,"L10009_2,L10009_1,L10009_0",406.85666666666674,60,0.0,64.91333333333333,60,2,NaN
08:00:56,L10009,427.63,3,"L10009_2,L10009_1,L10009_0",406.85666666666674,60,0.0,64.91333333333333,60,2,NaN
08:00:58,L10009,427.63,3,"L10009_2,L10009_1,L10009_0",406.85666666666674,60,0.0,64.91333333333333,60,2,NaN
08:01:00,L10009,427.63,3,"L10009_2,L10009_1,L10009_0",406.85666666666674,60,0.0,64.91333333333333,60,2,NaN
08:01:02,L10009,427.63,3,"L10009_2,L10009_1,L10009_0",406.85666666666674,60,0.0,64.91333333333333,60,2,NaN
08:01:04,L10009,427.63,3,"L10009_2,L10009_1,L10009_0",406.85666666666674,60,0.0,64.91333333333333,60,2,NaN
08:01:06,L10009,427.63,3,"L10009_2,L10009_1,L10009_0",406.85666666666674,60,0.0,64.91333333333333,60,2,NaN
08:01:08,L10009,427.63,3,"L10009_2,L10009_1,L10009_0",406.85666666666674,60,0.0,64.91333333333333,60,2,NaN
08:01:10,L10009,427.63,3,"L10009_2,L10009_1,L10009_0",406.85666666666674,60,0.0,64.91333333333333,60,2,NaN
08:01:12,L10009,427.63,3,"L10009_2,L10009_1,L10009_0",406.85666666666674,60,0.0,64.91333333333333,60,2,NaN
08:01:14,L10009,427.63,3,"L10009_2,L10009_1,L10009_0",406.85666666666674,60,0.0,64.91333333333333,60,2,NaN
08:01:16,L10009,427.63,3,"L10009_2,L10009_1,L10009_0",406.85666666666674,60,0.0,64.91333333333333,60,2,NaN
08:01:18,L10009,427.63,3,"L10009_2,L10009_1,L10009_0",406.85666666666674,60,0.0,64.91333333333333,60,2,NaN
08:01:20,L10009,427.63,3,"L10009_2,L10009_1,L10009_0",406.85666666666674,60,0.0,64.91333333333333,60,2,NaN
08:01:22,L10009,427.63,3,"L10009_2,L10009_1,L10009_0",406.85666666666674,60,0.0,64.91333333333333,60,2,NaN
08:01:24,L10009,427.63,3,"L10009_2,L10009_1,L10009_0",406.85666666666674,60,0.0,64.91333333333333,60,2,NaN
08:01:26,L10009,427.63,3,"L10009_2,L10009_1,L10009_0",406.85666666666674,60,0.0,64.91333333333333,60,2,NaN
08:01:28,L10009,427.63,3,"L10009_2,L10009_1,L10009_0",406.85666666666674,60,0.0,64.91333333333333,60,2,NaN
08:01:30,L10009,427.63,3,"L10009_2,L10009_1,L10009_0",406.85666666666674,60,0.0,64.91333333333333,60,2,NaN
08:01:32,L10009,427.63,3,"L10009_2,L10009_1,L10009_0",406.85666666666674,60,0.0,64.91333333333333,60,2,NaN
08:01:34,L10009,427.63,3,"L10009_2,L10009_1,L10009_0",406.85666666666674,60,0.0,64.91333333333333,60,2,NaN
08:01:36,L10009,427.63,3,"L10009_2,L10009_1,L10009_0",406.85666666666674,60,0.0,64.91333333333333,60,2,NaN
08:01:38,L10009,427.63,3,"L10009_2,L10009_1,L10009_0",406.85666666666674,60,0.0,64.91333333333333,60,2,NaN
08:01:40,L10009,427.63,3,"L10009_2,L10009_1,L10009_0",406.85666666666674,60,0.0,64.91333333333333,60,2,NaN
08:01:42,L10009,427.63,3,"L10009_2,L10009_1,L10009_0",406.85666666666674,60,0.0,64.91333333333333,60,2,NaN
08:01:44,L10009,427.63,3,"L10009_2,L10009_1,L10009_0",406.85666666666674,60,0.0,64.91333333333333,60,2,NaN
08:01:46,L10009,427.63,3,"L10009_2,L10009_1,L10009_0",406.85666666666674,60,0.0,64.91333333333333,60,2,NaN
08:01:48,L10009,427.63,3,"L10009_2,L10009_1,L10009_0",406.85666666666674,60,0.0,64.91333333333333,60,2,NaN
08:01:50,L10009,427.63,3,"L10009_2,L10009_1,L10009_0",406.85666666666674,60,0.0,64.91333333333333,60,2,NaN
08:01:52,L10009,427.63,3,"L10009_2,L10009_1,L10009_0",406.85666666666674,60,0.0,64.91333333333333,60,2,NaN
08:01:54,L10009,427.63,3,"L10009_2,L10009_1,L10009_0",406.85666666666674,60,0.0,64.91333333333333,60,2,NaN
08:01:56,L10009,427.63,3,"L10009_2,L10009_1,L10009_0",406.85666666666674,60,0.0,64.91333333333333,60,2,NaN
08:01:58,L10009,427.63,3,"L10009_2,L10009_1,L10009_0",406.85666666666674,60,0.0,64.91333333333333,60,2,NaN
08:02:00,L10009,427.63,3,"L10009_2,L10009_1,L10009_0",406.85666666666674,60,0.0,64.91333333333333,60,2,NaN
08:02:02,L10009,427.63,3,"L10009_2,L10009_1,L10009_0",406.85666666666674,60,0.0,64.91333333333333,60,2,NaN
08:02:04,L10009,427.63,3,"L10009_2,L10009_1,L10009_0",406.85666666666674,60,0.0,64.91333333333333,60,2,NaN
08:02:06,L10009,427.63,3,"L10009_2,L10009_1,L10009_0",406.85666666666674,60,0.0,64.91333333333333,60,2,NaN
08:02:08,L10009,427.63,3,"L10009_2,L10009_1,L10009_0",406.85666666666674,60,0.0,64.91333333333333,60,2,NaN
08:02:10,L10009,427.63,3,"L10009_2,L10009_1,L10009_0",406.85666666666674,60,0.0,64.91333333333333,60,2,NaN
08:02:12,L10009,427.63,3,"L10009_2,L10009_1,L10009_0",406.85666666666674,60,0.0,64.91333333333333,60,2,NaN
08:02:14,L10009,427.63,3,"L10009_2,L10009_1,L10009_0",406.85666666666674,60,0.0,64.91333333333333,60,2,NaN
08:02:16,L10009,427.63,3,"L10009_2,L10009_1,L10009_0",406.85666666666674,60,0.0,64.91333333333333,60,2,NaN
08:02:18,L10009,427.63,3,"L10009_2,L10009_1,L10009_0",406.85666666666674,60,0.0,64.91333333333333,60,2,NaN
08:02:20,L10009,427.63,3,"L10009_2,L10009_1,L10009_0",406.85666666666674,60,0.0,64.91333333333333,60,2,NaN
08:02:22,L10009,427.63,3,"L10009_2,L10009_1,L10009_0",406.85666666666674,60,0.0,64.91333333333333,60,2,NaN
08:02:24,L10009,427.63,3,"L10009_2,L10009_1,L10009_0",406.85666666666674,60,0.0,64.91333333333333,60,2,NaN
08:02:26,L10009,427.63,3,"L10009_2,L10009_1,L10009_0",406.85666666666674,60,0.0,64.91333333333333,60,2,NaN
08:02:28,L10009,427.63,3,"L10009_2,L10009_1,L10009_0",406.85666666666674,60,0.0,64.91333333333333,60,2,NaN
08:02:30,L10009,427.63,3,"L10009_2,L10009_1,L10009_0",406.85666666666674,60,0.0,64.91333333333333,60,2,NaN
08:02:32,L10009,427.63,3,"L10009_2,L10009_1,L10009_0",406.85666666666674,60,0.0,64.91333333333333,60,2,NaN
08:02:34,L10009,427.63,3,"L10009_2,L10009_1,L10009_0",406.85666666666674,60,0.0,64.91333333333333,60,2,NaN
08:02:36,L10009,427.63,3,"L10009_2,L10009_1,L10009_0",406.85666666666674,60,0.0,64.91333333333333,60,2,NaN
08:02:38,L10009,427.63,3,"L10009_2,L10009_1,L10009_0",406.85666666666674,60,0.0,64.91333333333333,60,2,NaN
08:02:40,L10009,427.63,3,"L10009_2,L10009_1,L10009_0",406.85666666666674,60,0.0,64.91333333333333,60,2,NaN
08:02:42,L10009,427.63,3,"L10009_2,L10009_1,L10009_0",406.85666666666674,60,0.0,64.91333333333333,60,2,NaN
08:02:44,L10009,427.63,3,"L10009_2,L10009_1,L10009_0",406.85666666666674,60,0.0,64.91333333333333,60,2,NaN
08:02:46,L10009,427.63,3,"L10009_2,L10009_1,L10009_0",406.85666666666674,60,0.0,64.91333333333333,60,2,NaN
08:02:48,L10009,427.63,3,"L10009_2,L10009_1,L10009_0",406.85666666666674,60,0.0,64.91333333333333,60,2,NaN
08:02:50,L10009,427.63,3,"L10009_2,L10009_1,L10009_0",406.85666666666674,60,0.0,64.91333333333333,60,2,NaN
08:02:52,L10009,427.63,3,"L10009_2,L10009_1,L10009_0",406.85666666666674,60,0.0,64.91333333333333,60,2,NaN
08:02:54,L10009,427.63,3,"L10009_2,L10009_1,L10009_0",406.85666666666674,60,0.0,64.91333333333333,60,2,NaN
08:02:56,L10009,427.63,3,"L10009_2,L10009_1,L10009_0",406.85666666666674,60,0.0,64.91333333333333,60,2,NaN
08:02:58,L10009,427.63,3,"L10009_2,L10009_1,L10009_0",406.85666666666674,60,0.0,64.91333333333333,60,2,NaN
08:03:00,L10009,427.63,3,"L10009_2,L10009_1,L10009_0",406.85666666666674,60,0.0,64.91333333333333,60,2,NaN
08:03:02,L10009,427.63,3,"L10009_2,L10009_1,L10009_0",406.85666666666674,60,0.0,64.91333333333333,60,2,NaN
08:03:04,L10009,427.63,3,"L10009_2,L10009_1,L10009_0",406.85666666666674,60,0.0,64.91333333333333,60,2,NaN
08:03:06,L10009,427.63,3,"L10009_2,L10009_1,L10009_0",406.85666666666674,60,0.0,64.91333333333333,60,2,NaN
08:03:08,L10009,427.63,3,"L10009_2,L10009_1,L10009_0",406.85666666666674,60,0.0,64.91333333333333,60,2,NaN
08:03:10,L10009,427.63,3,"L10009_2,L10009_1,L10009_0",406.85666666666674,60,0.0,64.91333333333333,60,2,NaN
08:03:12,L10009,427.63,3,"L10009_2,L10009_1,L10009_0",406.85666666666674,60,0.0,64.91333333333333,60,2,NaN
08:03:14,L10009,427.63,3,"L10009_2,L10009_1,L10009_0",406.85666666666674,60,0.0,64.91333333333333,60,2,NaN
08:03:16,L10009,427.63,3,"L10009_2,L10009_1,L10009_0",406.85666666666674,60,0.0,64.91333333333333,60,2,NaN
08:03:18,L10009,427.63,3,"L10009_2,L10009_1,L10009_0",406.85666666666674,60,0.0,64.91333333333333,60,2,NaN
08:03:20,L10009,427.63,3,"L10009_2,L10009_1,L10009_0",406.85666666666674,60,0.0,64.91333333333333,60,2,NaN
08:03:22,L10009,427.63,3,"L10009_2,L10009_1,L10009_0",406.85666666666674,60,0.0,64.91333333333333,60,2,NaN
08:03:24,L10009,427.63,3,"L10009_2,L10009_1,L10009_0",406.85666666666674,60,0.0,64.91333333333333,60,2,NaN
08:03:26,L10009,427.63,3,"L10009_2,L10009_1,L10009_0",406.85666666666674,60,0.0,64.91333333333333,60,2,NaN
08:03:28,L10009,427.63,3,"L10009_2,L10009_1,L10009_0",406.85666666666674,60,0.0,64.91333333333333,60,2,NaN
08:03:30,L10009,427.63,3,"L10009_2,L10009_1,L10009_0",406.85666666666674,60,0.0,64.91333333333333,60,2,NaN
08:03:32,L10009,427.63,3,"L10009_2,L10009_1,L10009_0",406.85666666666674,60,0.0,64.91333333333333,60,2,NaN
08:03:34,L10009,427.63,3,"L10009_2,L10009_1,L10009_0",406.85666666666674,60,0.0,64.91333333333333,60,2,NaN
08:03:36,L10009,427.63,3,"L10009_2,L10009_1,L10009_0",406.85666666666674,60,0.0,64.91333333333333,60,2,NaN
08:03:38,L10009,427.63,3,"L10009_2,L10009_1,L10009_0",406.85666666666674,60,0.0,64.91333333333333,60,2,NaN
08:03:40,L10009,427.63,3,"L10009_2,L10009_1,L10009_0",406.85666666666674,60,0.0,64.91333333333333,60,2,NaN
08:03:42,L10009,427.63,3,"L10009_2,L10009_1,L10009_0",406.85666666666674,60,0.0,64.91333333333333,60,2,NaN
08:03:44,L10009,427.63,3,"L10009_2,L10009_1,L10009_0",406.85666666666674,60,0.0,64.91333333333333,60,2,NaN
08:03:46,L10009,427.63,3,"L10009_2,L10009_1,L10009_0",406.85666666666674,60,0.0,64.91333333333333,60,2,NaN
08:03:48,L10009,427.63,3,"L10009_2,L10009_1,L10009_0",406.85666666666674,60,0.0,64.91333333333333,60,2,NaN
08:03:50,L10009,427.63,3,"L10009_2,L10009_1,L10009_0",406.85666666666674,60,0.0,64.91333333333333,60,2,NaN
08:03:52,L10009,427.63,3,"L10009_2,L10009_1,L10009_0",406.85666666666674,60,0.0,64.91333333333333,60,2,NaN
08:03:54,L10009,427.63,3,"L10009_2,L10009_1,L10009_0",406.85666666666674,60,0.0,64.91333333333333,60,2,NaN
08:03:56,L10009,427.63,3,"L10009_2,L10009_1,L10009_0",406.85666666666674,60,0.0,64.91333333333333,60,2,NaN
08:03:58,L10009,427.63,3,"L10009_2,L10009_1,L10009_0",406.85666666666674,60,0.0,64.91333333333333,60,2,NaN
08:04:00,L10009,427.63,3,"L10009_2,L10009_1,L10009_0",406.85666666666674,60,0.0,64.91333333333333,60,2,NaN
08:04:02,L10009,427.63,3,"L10009_2,L10009_1,L10009_0",406.85666666666674,60,0.0,64.91333333333333,60,2,NaN
08:04:04,L10009,427.63,3,"L10009_2,L10009_1,L10009_0",406.85666666666674,60,0.0,64.91333333333333,60,2,NaN
08:04:06,L10009,427.63,3,"L10009_2,L10009_1,L10009_0",406.85666666666674,60,0.0,64.91333333333333,60,2,NaN
08:04:08,L10009,427.63,3,"L10009_2,L10009_1,L10009_0",406.85666666666674,60,0.0,64.91333333333333,60,2,NaN
08:04:10,L10009,427.63,3,"L10009_2,L10009_1,L10009_0",406.85666666666674,60,0.0,64.91333333333333,60,2,NaN
08:04:12,L10009,427.63,3,"L10009_2,L10009_1,L10009_0",406.85666666666674,60,0.0,64.91333333333333,60,2,NaN
08:04:14,L10009,427.63,3,"L10009_2,L10009_1,L10009_0",406.85666666666674,60,0.0,64.91333333333333,60,2,NaN
08:04:16,L10009,427.63,3,"L10009_2,L10009_1,L10009_0",406.85666666666674,60,0.0,64.91333333333333,60,2,NaN
08:04:18,L10009,427.63,3,"L10009_2,L10009_1,L10009_0",406.85666666666674,60,0.0,64.91333333333333,60,2,NaN
08:04:20,L10009,427.63,3,"L10009_2,L10009_1,L10009_0",406.85666666666674,60,0.0,64.91333333333333,60,2,NaN
08:04:22,L10009,427.63,3,"L10009_2,L10009_1,L10009_0",406.85666666666674,60,0.0,64.91333333333333,60,2,NaN
08:04:24,L10009,427.63,3,"L10009_2,L10009_1,L10009_0",406.85666666666674,60,0.0,64.91333333333333,60,2,NaN
08:04:26,L10009,427.63,3,"L10009_2,L10009_1,L10009_0",406.85666666666674,60,0.0,64.91333333333333,60,2,NaN
08:04:28,L10009,427.63,3,"L10009_2,L10009_1,L10009_0",406.85666666666674,60,0.0,64.91333333333333,60,2,NaN
08:04:30,L10009,427.63,3,"L10009_2,L10009_1,L10009_0",406.85666666666674,60,0.0,64.91333333333333,60,2,NaN
08:04:32,L10009,427.63,3,"L10009_2,L10009_1,L10009_0",406.85666666666674,60,0.0,64.91333333333333,60,2,NaN
08:04:34,L10009,427.63,3,"L10009_2,L10009_1,L10009_0",406.85666666666674,60,0.0,64.91333333333333,60,2,NaN
08:04:36,L10009,427.63,3,"L10009_2,L10009_1,L10009_0",406.85666666666674,60,0.0,64.91333333333333,60,2,NaN
08:04:38,L10009,427.63,3,"L10009_2,L10009_1,L10009_0",406.85666666666674,60,0.0,64.91333333333333,60,2,NaN
08:04:40,L10009,427.63,3,"L10009_2,L10009_1,L10009_0",406.85666666666674,60,0.0,64.91333333333333,60,2,NaN
08:04:42,L10009,427.63,3,"L10009_2,L10009_1,L10009_0",406.85666666666674,60,0.0,64.91333333333333,60,2,NaN
08:04:44,L10009,427.63,3,"L10009_2,L10009_1,L10009_0",406.85666666666674,60,0.0,64.91333333333333,60,2,NaN
08:04:46,L10009,427.63,3,"L10009_2,L10009_1,L10009_0",406.85666666666674,60,0.0,64.91333333333333,60,2,NaN
08:04:48,L10009,427.63,3,"L10009_2,L10009_1,L10009_0",406.85666666666674,60,0.0,64.91333333333333,60,2,NaN
08:04:50,L10009,427.63,3,"L10009_2,L10009_1,L10009_0",406.85666666666674,60,0.0,64.91333333333333,60,2,NaN
08:04:52,L10009,427.63,3,"L10009_2,L10009_1,L10009_0",406.85666666666674,60,0.0,64.91333333333333,60,2,NaN
08:04:54,L10009,427.63,3,"L10009_2,L10009_1,L10009_0",406.85666666666674,60,0.0,64.91333333333333,60,2,NaN
08:04:56,L10009,427.63,3,"L10009_2,L10009_1,L10009_0",406.85666666666674,60,0.0,64.91333333333333,60,2,NaN
08:04:58,L10009,427.63,3,"L10009_2,L10009_1,L10009_0",406.85666666666674,60,0.0,64.91333333333333,60,2,NaN
08:05:00,L10009,427.63,3,"L10009_2,L10009_1,L10009_0",406.85666666666674,60,0.0,64.91333333333333,60,2,NaN
08:05:02,L10009,427.63,3,"L10009_2,L10009_1,L10009_0",406.85666666666674,60,0.0,64.91333333333333,60,2,NaN
08:05:04,L10009,427.63,3,"L10009_2,L10009_1,L10009_0",406.85666666666674,60,0.0,64.91333333333333,60,2,NaN
08:05:06,L10009,427.63,3,"L10009_2,L10009_1,L10009_0",406.85666666666674,60,0.0,64.91333333333333,60,2,NaN
08:05:08,L10009,427.63,3,"L10009_2,L10009_1,L10009_0",406.85666666666674,60,0.0,64.91333333333333,60,2,NaN
08:05:10,L10009,427.63,3,"L10009_2,L10009_1,L10009_0",406.85666666666674,60,0.0,64.91333333333333,60,2,NaN
08:05:12,L10009,427.63,3,"L10009_2,L10009_1,L10009_0",406.85666666666674,60,0.0,64.91333333333333,60,2,NaN
08:05:14,L10009,427.63,3,"L10009_2,L10009_1,L10009_0",406.85666666666674,60,0.0,64.91333333333333,60,2,NaN
08:05:16,L10009,427.63,3,"L10009_2,L10009_1,L10009_0",406.85666666666674,60,0.0,64.91333333333333,60,2,NaN
08:05:18,L10009,427.63,3,"L10009_2,L10009_1,L10009_0",406.85666666666674,60,0.0,64.91333333333333,60,2,NaN
08:05:20,L10009,427.63,3,"L10009_2,L10009_1,L10009_0",406.85666666666674,60,0.0,64.91333333333333,60,2,NaN
08:05:22,L10009,427.63,3,"L10009_2,L10009_1,L10009_0",406.85666666666674,60,0.0,64.91333333333333,60,2,NaN
08:05:24,L10009,427.63,3,"L10009_2,L10009_1,L10009_0",406.85666666666674,60,0.0,64.91333333333333,60,2,NaN
08:05:26,L10009,427.63,3,"L10009_2,L10009_1,L10009_0",406.85666666666674,60,0.0,64.91333333333333,60,2,NaN
08:05:28,L10009,427.63,3,"L10009_2,L10009_1,L10009_0",406.85666666666674,60,0.0,64.91333333333333,60,2,NaN
08:05:30,L10009,427.63,3,"L10009_2,L10009_1,L10009_0",406.85666666666674,60,0.0,64.91333333333333,60,2,NaN
08:05:32,L10009,427.63,3,"L10009_2,L10009_1,L10009_0",406.85666666666674,60,0.0,64.91333333333333,60,2,NaN
08:05:34,L10009,427.63,3,"L10009_2,L10009_1,L10009_0",406.85666666666674,60,0.0,64.91333333333333,60,2,NaN
08:05:36,L10009,427.63,3,"L10009_2,L10009_1,L10009_0",406.85666666666674,60,0.0,64.91333333333333,60,2,NaN
08:05:38,L10009,427.63,3,"L10009_2,L10009_1,L10009_0",406.85666666666674,60,0.0,64.91333333333333,60,2,NaN
08:05:40,L10009,427.63,3,"L10009_2,L10009_1,L10009_0",406.85666666666674,60,0.0,64.91333333333333,60,2,NaN
08:05:42,L10009,427.63,3,"L10009_2,L10009_1,L10009_0",406.85666666666674,60,0.0,64.91333333333333,60,2,NaN
08:05:44,L10009,427.63,3,"L10009_2,L10009_1,L10009_0",406.85666666666674,60,0.0,64.91333333333333,60,2,NaN
08:05:46,L10009,427.63,3,"L10009_2,L10009_1,L10009_0",406.85666666666674,60,0.0,64.91333333333333,60,2,NaN
08:05:48,L10009,427.63,3,"L10009_2,L10009_1,L10009_0",406.85666666666674,60,0.0,64.91333333333333,60,2,NaN
08:05:50,L10009,427.63,3,"L10009_2,L10009_1,L10009_0",406.85666666666674,60,0.0,64.91333333333333,60,2,NaN
08:05:52,L10009,427.63,3,"L10009_2,L10009_1,L10009_0",406.85666666666674,60,0.0,64.91333333333333,60,2,NaN
08:05:54,L10009,427.63,3,"L10009_2,L10009_1,L10009_0",406.85666666666674,60,0.0,64.91333333333333,60,2,NaN
08:05:56,L10009,427.63,3,"L10009_2,L10009_1,L10009_0",406.85666666666674,60,0.0,64.91333333333333,60,2,NaN
08:05:58,L10009,427.63,3,"L10009_2,L10009_1,L10009_0",406.85666666666674,60,0.0,64.91333333333333,60,2,NaN
08:06:00,L10009,427.63,3,"L10009_2,L10009_1,L10009_0",406.85666666666674,60,0.0,64.91333333333333,60,2,NaN
08:06:02,L10009,427.63,3,"L10009_2,L10009_1,L10009_0",406.85666666666674,60,0.0,64.91333333333333,60,2,NaN
08:06:04,L10009,427.63,3,"L10009_2,L10009_1,L10009_0",406.85666666666674,60,0.0,64.91333333333333,60,2,NaN
08:06:06,L10009,427.63,3,"L10009_2,L10009_1,L10009_0",406.85666666666674,60,0.0,64.91333333333333,60,2,NaN
08:06:08,L10009,427.63,3,"L10009_2,L10009_1,L10009_0",406.85666666666674,60,0.0,64.91333333333333,60,2,NaN
08:06:10,L10009,427.63,3,"L10009_2,L10009_1,L10009_0",406.85666666666674,60,0.0,64.91333333333333,60,2,NaN
08:06:12,L10009,427.63,3,"L10009_2,L10009_1,L10009_0",406.85666666666674,60,0.0,64.91333333333333,60,2,NaN
08:06:14,L10009,427.63,3,"L10009_2,L10009_1,L10009_0",406.85666666666674,60,0.0,64.91333333333333,60,2,NaN
08:06:16,L10009,427.63,3,"L10009_2,L10009_1,L10009_0",406.85666666666674,60,0.0,64.91333333333333,60,2,NaN
08:06:18,L10009,427.63,3,"L10009_2,L10009_1,L10009_0",406.85666666666674,60,0.0,64.91333333333333,60,2,NaN
08:06:20,L10009,427.63,3,"L10009_2,L10009_1,L10009_0",406.85666666666674,60,0.0,64.91333333333333,60,2,NaN
08:06:22,L10009,427.63,3,"L10009_2,L10009_1,L10009_0",406.85666666666674,60,0.0,64.91333333333333,60,2,NaN
08:06:24,L10009,427.63,3,"L10009_2,L10009_1,L10009_0",406.85666666666674,60,0.0,64.91333333333333,60,2,NaN
08:06:26,L10009,427.63,3,"L10009_2,L10009_1,L10009_0",406.85666666666674,60,0.0,64.91333333333333,60,2,NaN
08:06:28,L10009,427.63,3,"L10009_2,L10009_1,L10009_0",406.85666666666674,60,0.0,64.91333333333333,60,2,NaN
08:06:30,L10009,427.63,3,"L10009_2,L10009_1,L10009_0",406.85666666666674,60,0.0,64.91333333333333,60,2,NaN
08:06:32,L10009,427.63,3,"L10009_2,L10009_1,L10009_0",406.85666666666674,60,0.0,64.91333333333333,60,2,NaN
08:06:34,L10009,427.63,3,"L10009_2,L10009_1,L10009_0",406.85666666666674,60,0.0,64.91333333333333,60,2,NaN
08:06:36,L10009,427.63,3,"L10009_2,L10009_1,L10009_0",406.85666666666674,60,0.0,64.91333333333333,60,2,NaN
08:06:38,L10009,427.63,3,"L10009_2,L10009_1,L10009_0",406.85666666666674,60,0.0,64.91333333333333,60,2,NaN
08:06:40,L10009,427.63,3,"L10009_2,L10009_1,L10009_0",406.85666666666674,60,0.0,64.91333333333333,60,2,NaN
08:06:42,L10009,427.63,3,"L10009_2,L10009_1,L10009_0",406.85666666666674,60,0.0,64.91333333333333,60,2,NaN
08:06:44,L10009,427.63,3,"L10009_2,L10009_1,L10009_0",406.85666666666674,60,0.0,64.91333333333333,60,2,NaN
08:06:46,L10009,427.63,3,"L10009_2,L10009_1,L10009_0",406.85666666666674,60,0.0,64.91333333333333,60,2,NaN
08:06:48,L10009,427.63,3,"L10009_2,L10009_1,L10009_0",406.85666666666674,60,0.0,64.91333333333333,60,2,NaN
08:06:50,L10009,427.63,3,"L10009_2,L10009_1,L10009_0",406.85666666666674,60,0.0,64.91333333333333,60,2,NaN
08:06:52,L10009,427.63,3,"L10009_2,L10009_1,L10009_0",406.85666666666674,60,0.0,64.91333333333333,60,2,NaN
08:06:54,L10009,427.63,3,"L10009_2,L10009_1,L10009_0",406.85666666666674,60,0.0,64.91333333333333,60,2,NaN
08:06:56,L10009,427.63,3,"L10009_2,L10009_1,L10009_0",406.85666666666674,60,0.0,64.91333333333333,60,2,NaN
08:06:58,L10009,427.63,3,"L10009_2,L10009_1,L10009_0",406.85666666666674,60,0.0,64.91333333333333,60,2,NaN
08:07:00,L10009,427.63,3,"L10009_2,L10009_1,L10009_0",406.85666666666674,60,0.0,64.91333333333333,60,2,NaN
08:07:02,L10009,427.63,3,"L10009_2,L10009_1,L10009_0",406.85666666666674,60,0.0,64.91333333333333,60,2,NaN
08:07:04,L10009,427.63,3,"L10009_2,L10009_1,L10009_0",406.85666666666674,60,0.0,64.91333333333333,60,2,NaN
08:07:06,L10009,427.63,3,"L10009_2,L10009_1,L10009_0",406.85666666666674,60,0.0,64.91333333333333,60,2,NaN
08:07:08,L10009,427.63,3,"L10009_2,L10009_1,L10009_0",406.85666666666674,60,0.0,64.91333333333333,60,2,NaN
08:07:10,L10009,427.63,3,"L10009_2,L10009_1,L10009_0",406.85666666666674,60,0.0,64.91333333333333,60,2,NaN
08:07:12,L10009,427.63,3,"L10009_2,L10009_1,L10009_0",406.85666666666674,60,0.0,64.91333333333333,60,2,NaN
08:07:14,L10009,427.63,3,"L10009_2,L10009_1,L10009_0",406.85666666666674,60,0.0,64.91333333333333,60,2,NaN
08:07:16,L10009,427.63,3,"L10009_2,L10009_1,L10009_0",406.85666666666674,60,0.0,64.91333333333333,60,2,NaN
08:07:18,L10009,427.63,3,"L10009_2,L10009_1,L10009_0",406.85666666666674,60,0.0,64.91333333333333,60,2,NaN
08:07:20,L10009,427.63,3,"L10009_2,L10009_1,L10009_0",406.85666666666674,60,0.0,64.91333333333333,60,2,NaN
08:07:22,L10009,427.63,3,"L10009_2,L10009_1,L10009_0",406.85666666666674,60,0.0,64.91333333333333,60,2,NaN
08:07:24,L10009,427.63,3,"L10009_2,L10009_1,L10009_0",406.85666666666674,60,0.0,64.91333333333333,60,2,NaN
08:07:26,L10009,427.63,3,"L10009_2,L10009_1,L10009_0",406.85666666666674,60,0.0,64.91333333333333,60,2,NaN
08:07:28,L10009,427.63,3,"L10009_2,L10009_1,L10009_0",406.85666666666674,60,0.0,64.91333333333333,60,2,NaN
08:07:30,L10009,427.63,3,"L10009_2,L10009_1,L10009_0",406.85666666666674,60,0.0,64.91333333333333,60,2,NaN
08:07:32,L10009,427.63,3,"L10009_2,L10009_1,L10009_0",406.85666666666674,60,0.0,64.91333333333333,60,2,NaN
08:07:34,L10009,427.63,3,"L10009_2,L10009_1,L10009_0",406.85666666666674,60,0.0,64.91333333333333,60,2,NaN
08:07:36,L10009,427.63,3,"L10009_2,L10009_1,L10009_0",406.85666666666674,60,0.0,64.91333333333333,60,2,NaN
08:07:38,L10009,427.63,3,"L10009_2,L10009_1,L10009_0",406.85666666666674,60,0.0,64.91333333333333,60,2,NaN
08:07:40,L10009,427.63,3,"L10009_2,L10009_1,L10009_0",406.85666666666674,60,0.0,64.91333333333333,60,2,NaN
08:07:42,L10009,427.63,3,"L10009_2,L10009_1,L10009_0",406.85666666666674,60,0.0,64.91333333333333,60,2,NaN
08:07:44,L10009,427.63,3,"L10009_2,L10009_1,L10009_0",406.85666666666674,60,0.0,64.91333333333333,60,2,NaN
08:07:46,L10009,427.63,3,"L10009_2,L10009_1,L10009_0",406.85666666666674,60,0.0,64.91333333333333,60,2,NaN
08:07:48,L10009,427.63,3,"L10009_2,L10009_1,L10009_0",406.85666666666674,60,0.0,64.91333333333333,60,2,NaN
08:07:50,L10009,427.63,3,"L10009_2,L10009_1,L10009_0",406.85666666666674,60,0.0,64.91333333333333,60,2,NaN
08:07:52,L10009,427.63,3,"L10009_2,L10009_1,L10009_0",406.85666666666674,60,0.0,64.91333333333333,60,2,NaN
08:07:54,L10009,427.63,3,"L10009_2,L10009_1,L10009_0",406.85666666666674,60,0.0,64.91333333333333,60,2,NaN
08:07:56,L10009,427.63,3,"L10009_2,L10009_1,L10009_0",406.85666666666674,60,0.0,64.91333333333333,60,2,NaN
08:07:58,L10009,427.63,3,"L10009_2,L10009_1,L10009_0",406.85666666666674,60,0.0,64.91333333333333,60,2,NaN
08:08:00,L10009,427.63,3,"L10009_2,L10009_1,L10009_0",406.85666666666674,60,0.0,64.91333333333333,60,2,NaN
08:08:02,L10009,427.63,3,"L10009_2,L10009_1,L10009_0",406.85666666666674,60,0.0,64.91333333333333,60,2,NaN
08:08:04,L10009,427.63,3,"L10009_2,L10009_1,L10009_0",406.85666666666674,60,0.0,64.91333333333333,60,2,NaN
08:08:06,L10009,427.63,3,"L10009_2,L10009_1,L10009_0",406.85666666666674,60,0.0,64.91333333333333,60,2,NaN
08:08:08,L10009,427.63,3,"L10009_2,L10009_1,L10009_0",406.85666666666674,60,0.0,64.91333333333333,60,2,NaN
08:08:10,L10009,427.63,3,"L10009_2,L10009_1,L10009_0",406.85666666666674,60,0.0,64.91333333333333,60,2,NaN
08:08:12,L10009,427.63,3,"L10009_2,L10009_1,L10009_0",406.85666666666674,60,0.0,64.91333333333333,60,2,NaN
08:08:14,L10009,427.63,3,"L10009_2,L10009_1,L10009_0",406.85666666666674,60,0.0,64.91333333333333,60,2,NaN
08:08:16,L10009,427.63,3,"L10009_2,L10009_1,L10009_0",406.85666666666674,60,0.0,64.91333333333333,60,2,NaN
08:08:18,L10009,427.63,3,"L10009_2,L10009_1,L10009_0",406.85666666666674,60,0.0,64.91333333333333,60,2,NaN
08:08:20,L10009,427.63,3,"L10009_2,L10009_1,L10009_0",406.85666666666674,60,0.0,64.91333333333333,60,2,NaN
08:08:22,L10009,427.63,3,"L10009_2,L10009_1,L10009_0",406.85666666666674,60,0.0,64.91333333333333,60,2,NaN
08:08:24,L10009,427.63,3,"L10009_2,L10009_1,L10009_0",406.85666666666674,60,0.0,64.91333333333333,60,2,NaN
08:08:26,L10009,427.63,3,"L10009_2,L10009_1,L10009_0",406.85666666666674,60,0.0,64.91333333333333,60,2,NaN
08:08:28,L10009,427.63,3,"L10009_2,L10009_1,L10009_0",406.85666666666674,60,0.0,64.91333333333333,60,2,NaN
08:08:30,L10009,427.63,3,"L10009_2,L10009_1,L10009_0",406.85666666666674,60,0.0,64.91333333333333,60,2,NaN
08:08:32,L10009,427.63,3,"L10009_2,L10009_1,L10009_0",406.85666666666674,60,0.0,64.91333333333333,60,2,NaN
08:08:34,L10009,427.63,3,"L10009_2,L10009_1,L10009_0",406.85666666666674,60,0.0,64.91333333333333,60,2,NaN
08:08:36,L10009,427.63,3,"L10009_2,L10009_1,L10009_0",406.85666666666674,60,0.0,64.91333333333333,60,2,NaN
08:08:38,L10009,427.63,3,"L10009_2,L10009_1,L10009_0",406.85666666666674,60,0.0,64.91333333333333,60,2,NaN
08:08:40,L10009,427.63,3,"L10009_2,L10009_1,L10009_0",406.85666666666674,60,0.0,64.91333333333333,60,2,NaN
08:08:42,L10009,427.63,3,"L10009_2,L10009_1,L10009_0",406.85666666666674,60,0.0,64.91333333333333,60,2,NaN
08:08:44,L10009,427.63,3,"L10009_2,L10009_1,L10009_0",406.85666666666674,60,0.0,64.91333333333333,60,2,NaN
08:08:46,L10009,427.63,3,"L10009_2,L10009_1,L10009_0",406.85666666666674,60,0.0,64.91333333333333,60,2,NaN
08:08:48,L10009,427.63,3,"L10009_2,L10009_1,L10009_0",406.85666666666674,60,0.0,64.91333333333333,60,2,NaN
08:08:50,L10009,427.63,3,"L10009_2,L10009_1,L10009_0",406.85666666666674,60,0.0,64.91333333333333,60,2,NaN
08:08:52,L10009,427.63,3,"L10009_2,L10009_1,L10009_0",406.85666666666674,60,0.0,64.91333333333333,60,2,NaN
08:08:54,L10009,427.63,3,"L10009_2,L10009_1,L10009_0",406.85666666666674,60,0.0,64.91333333333333,60,2,NaN
08:08:56,L10009,427.63,3,"L10009_2,L10009_1,L10009_0",406.85666666666674,60,0.0,64.91333333333333,60,2,NaN
08:08:58,L10009,427.63,3,"L10009_2,L10009_1,L10009_0",406.85666666666674,60,0.0,64.91333333333333,60,2,NaN
08:09:00,L10009,427.63,3,"L10009_2,L10009_1,L10009_0",406.85666666666674,60,0.0,64.91333333333333,60,2,NaN
08:09:02,L10009,427.63,3,"L10009_2,L10009_1,L10009_0",406.85666666666674,60,0.0,64.91333333333333,60,2,NaN
08:09:04,L10009,427.63,3,"L10009_2,L10009_1,L10009_0",406.85666666666674,60,0.0,64.91333333333333,60,2,NaN
08:09:06,L10009,427.63,3,"L10009_2,L10009_1,L10009_0",406.85666666666674,60,0.0,64.91333333333333,60,2,NaN
08:09:08,L10009,427.63,3,"L10009_2,L10009_1,L10009_0",406.85666666666674,60,0.0,64.91333333333333,60,2,NaN
08:09:10,L10009,427.63,3,"L10009_2,L10009_1,L10009_0",406.85666666666674,60,0.0,64.91333333333333,60,2,NaN
08:09:12,L10009,427.63,3,"L10009_2,L10009_1,L10009_0",406.85666666666674,60,0.0,64.91333333333333,60,2,NaN
08:09:14,L10009,427.63,3,"L10009_2,L10009_1,L10009_0",406.85666666666674,60,0.0,64.91333333333333,60,2,NaN
08:09:16,L10009,427.63,3,"L10009_2,L10009_1,L10009_0",406.85666666666674,60,0.0,64.91333333333333,60,2,NaN
08:09:18,L10009,427.63,3,"L10009_2,L10009_1,L10009_0",406.85666666666674,60,0.0,64.91333333333333,60,2,NaN
08:09:20,L10009,427.63,3,"L10009_2,L10009_1,L10009_0",406.85666666666674,60,0.0,64.91333333333333,60,2,NaN
08:09:22,L10009,427.63,3,"L10009_2,L10009_1,L10009_0",406.85666666666674,60,0.0,64.91333333333333,60,2,NaN
08:09:24,L10009,427.63,3,"L10009_2,L10009_1,L10009_0",406.85666666666674,60,0.0,64.91333333333333,60,2,NaN
08:09:26,L10009,427.63,3,"L10009_2,L10009_1,L10009_0",406.85666666666674,60,0.0,64.91333333333333,60,2,NaN
08:09:28,L10009,427.63,3,"L10009_2,L10009_1,L10009_0",406.85666666666674,60,0.0,64.91333333333333,60,2,NaN
08:09:30,L10009,427.63,3,"L10009_2,L10009_1,L10009_0",406.85666666666674,60,0.0,64.91333333333333,60,2,NaN
08:09:32,L10009,427.63,3,"L10009_2,L10009_1,L10009_0",406.85666666666674,60,0.0,64.91333333333333,60,2,NaN
08:09:34,L10009,427.63,3,"L10009_2,L10009_1,L10009_0",406.85666666666674,60,0.0,64.91333333333333,60,2,NaN
08:09:36,L10009,427.63,3,"L10009_2,L10009_1,L10009_0",406.85666666666674,60,0.0,64.91333333333333,60,2,NaN
08:09:38,L10009,427.63,3,"L10009_2,L10009_1,L10009_0",406.85666666666674,60,0.0,64.91333333333333,60,2,NaN
08:09:40,L10009,427.63,3,"L10009_2,L10009_1,L10009_0",406.85666666666674,60,0.0,64.91333333333333,60,2,NaN
08:09:42,L10009,427.63,3,"L10009_2,L10009_1,L10009_0",406.85666666666674,60,0.0,64.91333333333333,60,2,NaN
08:09:44,L10009,427.63,3,"L10009_2,L10009_1,L10009_0",406.85666666666674,60,0.0,64.91333333333333,60,2,NaN
08:09:46,L10009,427.63,3,"L10009_2,L10009_1,L10009_0",406.85666666666674,60,0.0,64.91333333333333,60,2,NaN
08:09:48,L10009,427.63,3,"L10009_2,L10009_1,L10009_0",406.85666666666674,60,0.0,64.91333333333333,60,2,NaN
08:09:50,L10009,427.63,3,"L10009_2,L10009_1,L10009_0",406.85666666666674,60,0.0,64.91333333333333,60,2,NaN
08:09:52,L10009,427.63,3,"L10009_2,L10009_1,L10009_0",406.85666666666674,60,0.0,64.91333333333333,60,2,NaN
08:09:54,L10009,427.63,3,"L10009_2,L10009_1,L10009_0",406.85666666666674,60,0.0,64.91333333333333,60,2,NaN
08:09:56,L10009,427.63,3,"L10009_2,L10009_1,L10009_0",406.85666666666674,60,0.0,64.91333333333333,60,2,NaN
08:09:58,L10009,427.63,3,"L10009_2,L10009_1,L10009_0",406.85666666666674,60,0.0,64.91333333333333,60,2,NaN
08:10:00,L10009,427.63,3,"L10009_2,L10009_1,L10009_0",406.85666666666674,60,0.0,64.91333333333333,60,2,NaN
08:10:02,L10009,427.63,3,"L10009_2,L10009_1,L10009_0",406.85666666666674,60,0.0,64.91333333333333,60,2,NaN
08:10:04,L10009,427.63,3,"L10009_2,L10009_1,L10009_0",406.85666666666674,60,0.0,64.91333333333333,60,2,NaN
08:10:06,L10009,427.63,3,"L10009_2,L10009_1,L10009_0",406.85666666666674,60,0.0,64.91333333333333,60,2,NaN
08:10:08,L10009,427.63,3,"L10009_2,L10009_1,L10009_0",406.85666666666674,60,0.0,64.91333333333333,60,2,NaN
08:10:10,L10009,427.63,3,"L10009_2,L10009_1,L10009_0",406.85666666666674,60,0.0,64.91333333333333,60,2,NaN
08:10:12,L10009,427.63,3,"L10009_2,L10009_1,L10009_0",406.85666666666674,60,0.0,64.91333333333333,60,2,NaN
08:10:14,L10009,427.63,3,"L10009_2,L10009_1,L10009_0",406.85666666666674,60,0.0,64.91333333333333,60,2,NaN
08:10:16,L10009,427.63,3,"L10009_2,L10009_1,L10009_0",406.85666666666674,60,0.0,64.91333333333333,60,2,NaN
08:10:18,L10009,427.63,3,"L10009_2,L10009_1,L10009_0",406.85666666666674,60,0.0,64.91333333333333,60,2,NaN
08:10:20,L10009,427.63,3,"L10009_2,L10009_1,L10009_0",406.85666666666674,60,0.0,64.91333333333333,60,2,NaN
08:10:22,L10009,427.63,3,"L10009_2,L10009_1,L10009_0",406.85666666666674,60,0.0,64.91333333333333,60,2,NaN
08:10:24,L10009,427.63,3,"L10009_2,L10009_1,L10009_0",406.85666666666674,60,0.0,64.91333333333333,60,2,NaN
08:10:26,L10009,427.63,3,"L10009_2,L10009_1,L10009_0",406.85666666666674,60,0.0,64.91333333333333,60,2,NaN
08:10:28,L10009,427.63,3,"L10009_2,L10009_1,L10009_0",406.85666666666674,60,0.0,64.91333333333333,60,2,NaN
08:10:30,L10009,427.63,3,"L10009_2,L10009_1,L10009_0",406.85666666666674,60,0.0,64.91333333333333,60,2,NaN
08:10:32,L10009,427.63,3,"L10009_2,L10009_1,L10009_0",406.85666666666674,60,0.0,64.91333333333333,60,2,NaN
08:10:34,L10009,427.63,3,"L10009_2,L10009_1,L10009_0",406.85666666666674,60,0.0,64.91333333333333,60,2,NaN
08:10:36,L10009,427.63,3,"L10009_2,L10009_1,L10009_0",406.85666666666674,60,0.0,64.91333333333333,60,2,NaN
08:10:38,L10009,427.63,3,"L10009_2,L10009_1,L10009_0",406.85666666666674,60,0.0,64.91333333333333,60,2,NaN
08:10:40,L10009,427.63,3,"L10009_2,L10009_1,L10009_0",406.85666666666674,60,0.0,64.91333333333333,60,2,NaN
08:10:42,L10009,427.63,3,"L10009_2,L10009_1,L10009_0",406.85666666666674,60,0.0,64.91333333333333,60,2,NaN
08:10:44,L10009,427.63,3,"L10009_2,L10009_1,L10009_0",406.85666666666674,60,0.0,64.91333333333333,60,2,NaN
08:10:46,L10009,427.63,3,"L10009_2,L10009_1,L10009_0",406.85666666666674,60,0.0,64.91333333333333,60,2,NaN
08:10:48,L10009,427.63,3,"L10009_2,L10009_1,L10009_0",406.85666666666674,60,0.0,64.91333333333333,60,2,NaN
08:10:50,L10009,427.63,3,"L10009_2,L10009_1,L10009_0",406.85666666666674,60,0.0,64.91333333333333,60,2,NaN
08:10:52,L10009,427.63,3,"L10009_2,L10009_1,L10009_0",406.85666666666674,60,0.0,64.91333333333333,60,2,NaN
08:10:54,L10009,427.63,3,"L10009_2,L10009_1,L10009_0",406.85666666666674,60,0.0,64.91333333333333,60,2,NaN
08:10:56,L10009,427.63,3,"L10009_2,L10009_1,L10009_0",406.85666666666674,60,0.0,64.91333333333333,60,2,NaN
08:10:58,L10009,427.63,3,"L10009_2,L10009_1,L10009_0",406.85666666666674,60,0.0,64.91333333333333,60,2,NaN
08:11:00,L10009,427.63,3,"L10009_2,L10009_1,L10009_0",406.85666666666674,60,0.0,64.91333333333333,60,2,NaN
08:11:02,L10009,427.63,3,"L10009_2,L10009_1,L10009_0",406.85666666666674,60,0.0,64.91333333333333,60,2,NaN
08:11:04,L10009,427.63,3,"L10009_2,L10009_1,L10009_0",406.85666666666674,60,0.0,64.91333333333333,60,2,NaN
08:11:06,L10009,427.63,3,"L10009_2,L10009_1,L10009_0",406.85666666666674,60,0.0,64.91333333333333,60,2,NaN
08:11:08,L10009,427.63,3,"L10009_2,L10009_1,L10009_0",406.85666666666674,60,0.0,64.91333333333333,60,2,NaN
08:11:10,L10009,427.63,3,"L10009_2,L10009_1,L10009_0",406.85666666666674,60,0.0,64.91333333333333,60,2,NaN
08:11:12,L10009,427.63,3,"L10009_2,L10009_1,L10009_0",406.85666666666674,60,0.0,64.91333333333333,60,2,NaN
08:11:14,L10009,427.63,3,"L10009_2,L10009_1,L10009_0",406.85666666666674,60,0.0,64.91333333333333,60,2,NaN
08:11:16,L10009,427.63,3,"L10009_2,L10009_1,L10009_0",406.85666666666674,60,0.0,64.91333333333333,60,2,NaN
08:11:18,L10009,427.63,3,"L10009_2,L10009_1,L10009_0",406.85666666666674,60,0.0,64.91333333333333,60,2,NaN
08:11:20,L10009,427.63,3,"L10009_2,L10009_1,L10009_0",406.85666666666674,60,0.0,64.91333333333333,60,2,NaN
08:11:22,L10009,427.63,3,"L10009_2,L10009_1,L10009_0",406.85666666666674,60,0.0,64.91333333333333,60,2,NaN
08:11:24,L10009,427.63,3,"L10009_2,L10009_1,L10009_0",406.85666666666674,60,0.0,64.91333333333333,60,2,NaN
08:11:26,L10009,427.63,3,"L10009_2,L10009_1,L10009_0",406.85666666666674,60,0.0,64.91333333333333,60,2,NaN
08:11:28,L10009,427.63,3,"L10009_2,L10009_1,L10009_0",406.85666666666674,60,0.0,64.91333333333333,60,2,NaN
08:11:30,L10009,427.63,3,"L10009_2,L10009_1,L10009_0",406.85666666666674,60,0.0,64.91333333333333,60,2,NaN
08:11:32,L10009,427.63,3,"L10009_2,L10009_1,L10009_0",406.85666666666674,60,0.0,64.91333333333333,60,2,NaN
08:11:34,L10009,427.63,3,"L10009_2,L10009_1,L10009_0",406.85666666666674,60,0.0,64.91333333333333,60,2,NaN
08:11:36,L10009,427.63,3,"L10009_2,L10009_1,L10009_0",406.85666666666674,60,0.0,64.91333333333333,60,2,NaN
08:11:38,L10009,427.63,3,"L10009_2,L10009_1,L10009_0",406.85666666666674,60,0.0,64.91333333333333,60,2,NaN
08:11:40,L10009,427.63,3,"L10009_2,L10009_1,L10009_0",406.85666666666674,60,0.0,64.91333333333333,60,2,NaN
08:11:42,L10009,427.63,3,"L10009_2,L10009_1,L10009_0",406.85666666666674,60,0.0,64.91333333333333,60,2,NaN
08:11:44,L10009,427.63,3,"L10009_2,L10009_1,L10009_0",406.85666666666674,60,0.0,64.91333333333333,60,2,NaN
08:11:46,L10009,427.63,3,"L10009_2,L10009_1,L10009_0",406.85666666666674,60,0.0,64.91333333333333,60,2,NaN
08:11:48,L10009,427.63,3,"L10009_2,L10009_1,L10009_0",406.85666666666674,60,0.0,64.91333333333333,60,2,NaN
08:11:50,L10009,427.63,3,"L10009_2,L10009_1,L10009_0",406.85666666666674,60,0.0,64.91333333333333,60,2,NaN
08:11:52,L10009,427.63,3,"L10009_2,L10009_1,L10009_0",406.85666666666674,60,0.0,64.91333333333333,60,2,NaN
08:11:54,L10009,427.63,3,"L10009_2,L10009_1,L10009_0",406.85666666666674,60,0.0,64.91333333333333,60,2,NaN
08:11:56,L10009,427.63,3,"L10009_2,L10009_1,L10009_0",406.85666666666674,60,0.0,64.91333333333333,60,2,NaN
08:11:58,L10009,427.63,3,"L10009_2,L10009_1,L10009_0",406.85666666666674,60,0.0,64.91333333333333,60,2,NaN
08:12:00,L10009,427.63,3,"L10009_2,L10009_1,L10009_0",406.85666666666674,60,0.0,64.91333333333333,60,2,NaN
08:12:02,L10009,427.63,3,"L10009_2,L10009_1,L10009_0",406.85666666666674,60,0.0,64.91333333333333,60,2,NaN
08:12:04,L10009,427.63,3,"L10009_2,L10009_1,L10009_0",406.85666666666674,60,0.0,64.91333333333333,60,2,NaN
08:12:06,L10009,427.63,3,"L10009_2,L10009_1,L10009_0",406.85666666666674,60,0.0,64.91333333333333,60,2,NaN
08:12:08,L10009,427.63,3,"L10009_2,L10009_1,L10009_0",406.85666666666674,60,0.0,64.91333333333333,60,2,NaN
08:12:10,L10009,427.63,3,"L10009_2,L10009_1,L10009_0",406.85666666666674,60,0.0,64.91333333333333,60,2,NaN
08:12:12,L10009,427.63,3,"L10009_2,L10009_1,L10009_0",406.85666666666674,60,0.0,64.91333333333333,60,2,NaN
08:12:14,L10009,427.63,3,"L10009_2,L10009_1,L10009_0",406.85666666666674,60,0.0,64.91333333333333,60,2,NaN
08:12:16,L10009,427.63,3,"L10009_2,L10009_1,L10009_0",406.85666666666674,60,0.0,64.91333333333333,60,2,NaN
08:12:18,L10009,427.63,3,"L10009_2,L10009_1,L10009_0",406.85666666666674,60,0.0,64.91333333333333,60,2,NaN
08:12:20,L10009,427.63,3,"L10009_2,L10009_1,L10009_0",406.85666666666674,60,0.0,64.91333333333333,60,2,NaN
08:12:22,L10009,427.63,3,"L10009_2,L10009_1,L10009_0",406.85666666666674,60,0.0,64.91333333333333,60,2,NaN
08:12:24,L10009,427.63,3,"L10009_2,L10009_1,L10009_0",406.85666666666674,60,0.0,64.91333333333333,60,2,NaN
08:12:26,L10009,427.63,3,"L10009_2,L10009_1,L10009_0",406.85666666666674,60,0.0,64.91333333333333,60,2,NaN
08:12:28,L10009,427.63,3,"L10009_2,L10009_1,L10009_0",406.85666666666674,60,0.0,64.91333333333333,60,2,NaN
08:12:30,L10009,427.63,3,"L10009_2,L10009_1,L10009_0",406.85666666666674,60,0.0,64.91333333333333,60,2,NaN
08:12:32,L10009,427.63,3,"L10009_2,L10009_1,L10009_0",406.85666666666674,60,0.0,64.91333333333333,60,2,NaN
08:12:34,L10009,427.63,3,"L10009_2,L10009_1,L10009_0",406.85666666666674,60,0.0,64.91333333333333,60,2,NaN
08:12:36,L10009,427.63,3,"L10009_2,L10009_1,L10009_0",406.85666666666674,60,0.0,64.91333333333333,60,2,NaN
08:12:38,L10009,427.63,3,"L10009_2,L10009_1,L10009_0",406.85666666666674,60,0.0,64.91333333333333,60,2,NaN
08:12:40,L10009,427.63,3,"L10009_2,L10009_1,L10009_0",406.85666666666674,60,0.0,64.91333333333333,60,2,NaN
08:12:42,L10009,427.63,3,"L10009_2,L10009_1,L10009_0",406.85666666666674,60,0.0,64.91333333333333,60,2,NaN
08:12:44,L10009,427.63,3,"L10009_2,L10009_1,L10009_0",406.85666666666674,60,0.0,64.91333333333333,60,2,NaN
08:12:46,L10009,427.63,3,"L10009_2,L10009_1,L10009_0",406.85666666666674,60,0.0,64.91333333333333,60,2,NaN
08:12:48,L10009,427.63,3,"L10009_2,L10009_1,L10009_0",406.85666666666674,60,0.0,64.91333333333333,60,2,NaN
08:12:50,L10009,427.63,3,"L10009_2,L10009_1,L10009_0",406.85666666666674,60,0.0,64.91333333333333,60,2,NaN
08:12:52,L10009,427.63,3,"L10009_2,L10009_1,L10009_0",406.85666666666674,60,0.0,64.91333333333333,60,2,NaN
08:12:54,L10009,427.63,3,"L10009_2,L10009_1,L10009_0",406.85666666666674,60,0.0,64.91333333333333,60,2,NaN
08:12:56,L10009,427.63,3,"L10009_2,L10009_1,L10009_0",406.85666666666674,60,0.0,64.91333333333333,60,2,NaN
08:12:58,L10009,427.63,3,"L10009_2,L10009_1,L10009_0",406.85666666666674,60,0.0,64.91333333333333,60,2,NaN
08:13:00,L10009,427.63,3,"L10009_2,L10009_1,L10009_0",406.85666666666674,60,0.0,64.91333333333333,60,2,NaN
08:13:02,L10009,427.63,3,"L10009_2,L10009_1,L10009_0",406.85666666666674,60,0.0,64.91333333333333,60,2,NaN
08:13:04,L10009,427.63,3,"L10009_2,L10009_1,L10009_0",406.85666666666674,60,0.0,64.91333333333333,60,2,NaN
08:13:06,L10009,427.63,3,"L10009_2,L10009_1,L10009_0",406.85666666666674,60,0.0,64.91333333333333,60,2,NaN
08:13:08,L10009,427.63,3,"L10009_2,L10009_1,L10009_0",406.85666666666674,60,0.0,64.91333333333333,60,2,NaN
08:13:10,L10009,427.63,3,"L10009_2,L10009_1,L10009_0",406.85666666666674,60,0.0,64.91333333333333,60,2,NaN
08:13:12,L10009,427.63,3,"L10009_2,L10009_1,L10009_0",406.85666666666674,60,0.0,64.91333333333333,60,2,NaN
08:13:14,L10009,427.63,3,"L10009_2,L10009_1,L10009_0",406.85666666666674,60,0.0,64.91333333333333,60,2,NaN
08:13:16,L10009,427.63,3,"L10009_2,L10009_1,L10009_0",406.85666666666674,60,0.0,64.91333333333333,60,2,NaN
08:13:18,L10009,427.63,3,"L10009_2,L10009_1,L10009_0",406.85666666666674,60,0.0,64.91333333333333,60,2,NaN
08:13:20,L10009,427.63,3,"L10009_2,L10009_1,L10009_0",406.85666666666674,60,0.0,64.91333333333333,60,2,NaN
08:13:22,L10009,427.63,3,"L10009_2,L10009_1,L10009_0",406.85666666666674,60,0.0,64.91333333333333,60,2,NaN
08:13:24,L10009,427.63,3,"L10009_2,L10009_1,L10009_0",406.85666666666674,60,0.0,64.91333333333333,60,2,NaN
08:13:26,L10009,427.63,3,"L10009_2,L10009_1,L10009_0",406.85666666666674,60,0.0,64.91333333333333,60,2,NaN
08:13:28,L10009,427.63,3,"L10009_2,L10009_1,L10009_0",406.85666666666674,60,0.0,64.91333333333333,60,2,NaN
08:13:30,L10009,427.63,3,"L10009_2,L10009_1,L10009_0",406.85666666666674,60,0.0,64.91333333333333,60,2,NaN
08:13:32,L10009,427.63,3,"L10009_2,L10009_1,L10009_0",406.85666666666674,60,0.0,64.91333333333333,60,2,NaN
08:13:34,L10009,427.63,3,"L10009_2,L10009_1,L10009_0",406.85666666666674,60,0.0,64.91333333333333,60,2,NaN
08:13:36,L10009,427.63,3,"L10009_2,L10009_1,L10009_0",406.85666666666674,60,0.0,64.91333333333333,60,2,NaN
08:13:38,L10009,427.63,3,"L10009_2,L10009_1,L10009_0",406.85666666666674,60,0.0,64.91333333333333,60,2,NaN
08:13:40,L10009,427.63,3,"L10009_2,L10009_1,L10009_0",406.85666666666674,60,0.0,64.91333333333333,60,2,NaN
08:13:42,L10009,427.63,3,"L10009_2,L10009_1,L10009_0",406.85666666666674,60,0.0,64.91333333333333,60,2,NaN
08:13:44,L10009,427.63,3,"L10009_2,L10009_1,L10009_0",406.85666666666674,60,0.0,64.91333333333333,60,2,NaN
08:13:46,L10009,427.63,3,"L10009_2,L10009_1,L10009_0",406.85666666666674,60,0.0,64.91333333333333,60,2,NaN
08:13:48,L10009,427.63,3,"L10009_2,L10009_1,L10009_0",406.85666666666674,60,0.0,64.91333333333333,60,2,NaN
08:13:50,L10009,427.63,3,"L10009_2,L10009_1,L10009_0",406.85666666666674,60,0.0,64.91333333333333,60,2,NaN
08:13:52,L10009,427.63,3,"L10009_2,L10009_1,L10009_0",406.85666666666674,60,0.0,64.91333333333333,60,2,NaN
08:13:54,L10009,427.63,3,"L10009_2,L10009_1,L10009_0",406.85666666666674,60,0.0,64.91333333333333,60,2,NaN
08:13:56,L10009,427.63,3,"L10009_2,L10009_1,L10009_0",406.85666666666674,60,0.0,64.91333333333333,60,2,NaN
08:13:58,L10009,427.63,3,"L10009_2,L10009_1,L10009_0",406.85666666666674,60,0.0,64.91333333333333,60,2,NaN
08:14:00,L10009,427.63,3,"L10009_2,L10009_1,L10009_0",406.85666666666674,60,0.0,64.91333333333333,60,2,NaN
08:14:02,L10009,427.63,3,"L10009_2,L10009_1,L10009_0",406.85666666666674,60,0.0,64.91333333333333,60,2,NaN
08:14:04,L10009,427.63,3,"L10009_2,L10009_1,L10009_0",406.85666666666674,60,0.0,64.91333333333333,60,2,NaN
08:14:06,L10009,427.63,3,"L10009_2,L10009_1,L10009_0",406.85666666666674,60,0.0,64.91333333333333,60,2,NaN
08:14:08,L10009,427.63,3,"L10009_2,L10009_1,L10009_0",406.85666666666674,60,0.0,64.91333333333333,60,2,NaN
08:14:10,L10009,427.63,3,"L10009_2,L10009_1,L10009_0",406.85666666666674,60,0.0,64.91333333333333,60,2,NaN
08:14:12,L10009,427.63,3,"L10009_2,L10009_1,L10009_0",406.85666666666674,60,0.0,64.91333333333333,60,2,NaN
08:14:14,L10009,427.63,3,"L10009_2,L10009_1,L10009_0",406.85666666666674,60,0.0,64.91333333333333,60,2,NaN
08:14:16,L10009,427.63,3,"L10009_2,L10009_1,L10009_0",406.85666666666674,60,0.0,64.91333333333333,60,2,NaN
08:14:18,L10009,427.63,3,"L10009_2,L10009_1,L10009_0",406.85666666666674,60,0.0,64.91333333333333,60,2,NaN
08:14:20,L10009,427.63,3,"L10009_2,L10009_1,L10009_0",406.85666666666674,60,0.0,64.91333333333333,60,2,NaN
08:14:22,L10009,427.63,3,"L10009_2,L10009_1,L10009_0",406.85666666666674,60,0.0,64.91333333333333,60,2,NaN
08:14:24,L10009,427.63,3,"L10009_2,L10009_1,L10009_0",406.85666666666674,60,0.0,64.91333333333333,60,2,NaN
08:14:26,L10009,427.63,3,"L10009_2,L10009_1,L10009_0",406.85666666666674,60,0.0,64.91333333333333,60,2,NaN
08:14:28,L10009,427.63,3,"L10009_2,L10009_1,L10009_0",406.85666666666674,60,0.0,64.91333333333333,60,2,NaN
08:14:30,L10009,427.63,3,"L10009_2,L10009_1,L10009_0",406.85666666666674,60,0.0,64.91333333333333,60,2,NaN
08:14:32,L10009,427.63,3,"L10009_2,L10009_1,L10009_0",406.85666666666674,60,0.0,64.91333333333333,60,2,NaN
08:14:34,L10009,427.63,3,"L10009_2,L10009_1,L10009_0",406.85666666666674,60,0.0,64.91333333333333,60,2,NaN
08:14:36,L10009,427.63,3,"L10009_2,L10009_1,L10009_0",406.85666666666674,60,0.0,64.91333333333333,60,2,NaN
08:14:38,L10009,427.63,3,"L10009_2,L10009_1,L10009_0",406.85666666666674,60,0.0,64.91333333333333,60,2,NaN
08:14:40,L10009,427.63,3,"L10009_2,L10009_1,L10009_0",406.85666666666674,60,0.0,64.91333333333333,60,2,NaN
08:14:42,L10009,427.63,3,"L10009_2,L10009_1,L10009_0",406.85666666666674,60,0.0,64.91333333333333,60,2,NaN
08:14:44,L10009,427.63,3,"L10009_2,L10009_1,L10009_0",406.85666666666674,60,0.0,64.91333333333333,60,2,NaN
08:14:46,L10009,427.63,3,"L10009_2,L10009_1,L10009_0",406.85666666666674,60,0.0,64.91333333333333,60,2,NaN
08:14:48,L10009,427.63,3,"L10009_2,L10009_1,L10009_0",406.85666666666674,60,0.0,64.91333333333333,60,2,NaN
08:14:50,L10009,427.63,3,"L10009_2,L10009_1,L10009_0",406.85666666666674,60,0.0,64.91333333333333,60,2,NaN
08:14:52,L10009,427.63,3,"L10009_2,L10009_1,L10009_0",406.85666666666674,60,0.0,64.91333333333333,60,2,NaN
08:14:54,L10009,427.63,3,"L10009_2,L10009_1,L10009_0",406.85666666666674,60,0.0,64.91333333333333,60,2,NaN
08:14:56,L10009,427.63,3,"L10009_2,L10009_1,L10009_0",406.85666666666674,60,0.0,64.91333333333333,60,2,NaN
08:14:58,L10009,427.63,3,"L10009_2,L10009_1,L10009_0",406.85666666666674,60,0.0,64.91333333333333,60,2,NaN
08:15:00,L10009,427.63,3,"L10009_2,L10009_1,L10009_0",406.85666666666674,60,0.0,64.91333333333333,60,2,NaN
08:15:02,L10009,427.63,3,"L10009_2,L10009_1,L10009_0",406.85666666666674,60,0.0,64.91333333333333,60,2,NaN
08:15:04,L10009,427.63,3,"L10009_2,L10009_1,L10009_0",406.85666666666674,60,0.0,64.91333333333333,60,2,NaN
08:15:06,L10009,427.63,3,"L10009_2,L10009_1,L10009_0",406.85666666666674,60,0.0,64.91333333333333,60,2,NaN
08:15:08,L10009,427.63,3,"L10009_2,L10009_1,L10009_0",406.85666666666674,60,0.0,64.91333333333333,60,2,NaN
08:15:10,L10009,427.63,3,"L10009_2,L10009_1,L10009_0",406.85666666666674,60,0.0,64.91333333333333,60,2,NaN
08:15:12,L10009,427.63,3,"L10009_2,L10009_1,L10009_0",406.85666666666674,60,0.0,64.91333333333333,60,2,NaN
08:15:14,L10009,427.63,3,"L10009_2,L10009_1,L10009_0",406.85666666666674,60,0.0,64.91333333333333,60,2,NaN
08:15:16,L10009,427.63,3,"L10009_2,L10009_1,L10009_0",406.85666666666674,60,0.0,64.91333333333333,60,2,NaN
08:15:18,L10009,427.63,3,"L10009_2,L10009_1,L10009_0",406.85666666666674,60,0.0,64.91333333333333,60,2,NaN
08:15:20,L10009,427.63,3,"L10009_2,L10009_1,L10009_0",406.85666666666674,60,0.0,64.91333333333333,60,2,NaN
08:15:22,L10009,427.63,3,"L10009_2,L10009_1,L10009_0",406.85666666666674,60,0.0,64.91333333333333,60,2,NaN
08:15:24,L10009,427.63,3,"L10009_2,L10009_1,L10009_0",406.85666666666674,60,0.0,64.91333333333333,60,2,NaN
08:15:26,L10009,427.63,3,"L10009_2,L10009_1,L10009_0",406.85666666666674,60,0.0,64.91333333333333,60,2,NaN
08:15:28,L10009,427.63,3,"L10009_2,L10009_1,L10009_0",406.85666666666674,60,0.0,64.91333333333333,60,2,NaN
08:15:30,L10009,427.63,3,"L10009_2,L10009_1,L10009_0",406.85666666666674,60,0.0,64.91333333333333,60,2,NaN
08:15:32,L10009,427.63,3,"L10009_2,L10009_1,L10009_0",406.85666666666674,60,0.0,64.91333333333333,60,2,NaN
08:15:34,L10009,427.63,3,"L10009_2,L10009_1,L10009_0",406.85666666666674,60,0.0,64.91333333333333,60,2,NaN
08:15:36,L10009,427.63,3,"L10009_2,L10009_1,L10009_0",406.85666666666674,60,0.0,64.91333333333333,60,2,NaN
08:15:38,L10009,427.63,3,"L10009_2,L10009_1,L10009_0",406.85666666666674,60,0.0,64.91333333333333,60,2,NaN
08:15:40,L10009,427.63,3,"L10009_2,L10009_1,L10009_0",406.85666666666674,60,0.0,64.91333333333333,60,2,NaN
08:15:42,L10009,427.63,3,"L10009_2,L10009_1,L10009_0",406.85666666666674,60,0.0,64.91333333333333,60,2,NaN
08:15:44,L10009,427.63,3,"L10009_2,L10009_1,L10009_0",406.85666666666674,60,0.0,64.91333333333333,60,2,NaN
08:15:46,L10009,427.63,3,"L10009_2,L10009_1,L10009_0",406.85666666666674,60,0.0,64.91333333333333,60,2,NaN
08:15:48,L10009,427.63,3,"L10009_2,L10009_1,L10009_0",406.85666666666674,60,0.0,64.91333333333333,60,2,NaN
08:15:50,L10009,427.63,3,"L10009_2,L10009_1,L10009_0",406.85666666666674,60,0.0,64.91333333333333,60,2,NaN
08:15:52,L10009,427.63,3,"L10009_2,L10009_1,L10009_0",406.85666666666674,60,0.0,64.91333333333333,60,2,NaN
08:15:54,L10009,427.63,3,"L10009_2,L10009_1,L10009_0",406.85666666666674,60,0.0,64.91333333333333,60,2,NaN
08:15:56,L10009,427.63,3,"L10009_2,L10009_1,L10009_0",406.85666666666674,60,0.0,64.91333333333333,60,2,NaN
08:15:58,L10009,427.63,3,"L10009_2,L10009_1,L10009_0",406.85666666666674,60,0.0,64.91333333333333,60,2,NaN
08:16:00,L10009,427.63,3,"L10009_2,L10009_1,L10009_0",406.85666666666674,60,0.0,64.91333333333333,60,2,NaN
08:16:02,L10009,427.63,3,"L10009_2,L10009_1,L10009_0",406.85666666666674,60,0.0,64.91333333333333,60,2,NaN
08:16:04,L10009,427.63,3,"L10009_2,L10009_1,L10009_0",406.85666666666674,60,0.0,64.91333333333333,60,2,NaN
08:16:06,L10009,427.63,3,"L10009_2,L10009_1,L10009_0",406.85666666666674,60,0.0,64.91333333333333,60,2,NaN
08:16:08,L10009,427.63,3,"L10009_2,L10009_1,L10009_0",406.85666666666674,60,0.0,64.91333333333333,60,2,NaN
08:16:10,L10009,427.63,3,"L10009_2,L10009_1,L10009_0",406.85666666666674,60,0.0,64.91333333333333,60,2,NaN
08:16:12,L10009,427.63,3,"L10009_2,L10009_1,L10009_0",406.85666666666674,60,0.0,64.91333333333333,60,2,NaN
08:16:14,L10009,427.63,3,"L10009_2,L10009_1,L10009_0",406.85666666666674,60,0.0,64.91333333333333,60,2,NaN
08:16:16,L10009,427.63,3,"L10009_2,L10009_1,L10009_0",406.85666666666674,60,0.0,64.91333333333333,60,2,NaN
08:16:18,L10009,427.63,3,"L10009_2,L10009_1,L10009_0",406.85666666666674,60,0.0,64.91333333333333,60,2,NaN
08:16:20,L10009,427.63,3,"L10009_2,L10009_1,L10009_0",406.85666666666674,60,0.0,64.91333333333333,60,2,NaN
08:16:22,L10009,427.63,3,"L10009_2,L10009_1,L10009_0",406.85666666666674,60,0.0,64.91333333333333,60,2,NaN
08:16:24,L10009,427.63,3,"L10009_2,L10009_1,L10009_0",406.85666666666674,60,0.0,64.91333333333333,60,2,NaN
08:16:26,L10009,427.63,3,"L10009_2,L10009_1,L10009_0",406.85666666666674,60,0.0,64.91333333333333,60,2,NaN
08:16:28,L10009,427.63,3,"L10009_2,L10009_1,L10009_0",406.85666666666674,60,0.0,64.91333333333333,60,2,NaN
08:16:30,L10009,427.63,3,"L10009_2,L10009_1,L10009_0",406.85666666666674,60,0.0,64.91333333333333,60,2,NaN
08:16:32,L10009,427.63,3,"L10009_2,L10009_1,L10009_0",406.85666666666674,60,0.0,64.91333333333333,60,2,NaN
08:16:34,L10009,427.63,3,"L10009_2,L10009_1,L10009_0",406.85666666666674,60,0.0,64.91333333333333,60,2,NaN
08:16:36,L10009,427.63,3,"L10009_2,L10009_1,L10009_0",406.85666666666674,60,0.0,64.91333333333333,60,2,NaN
08:16:38,L10009,427.63,3,"L10009_2,L10009_1,L10009_0",406.85666666666674,60,0.0,64.91333333333333,60,2,NaN
08:16:40,L10009,427.63,3,"L10009_2,L10009_1,L10009_0",406.85666666666674,60,0.0,64.91333333333333,60,2,NaN
08:16:42,L10009,427.63,3,"L10009_2,L10009_1,L10009_0",406.85666666666674,60,0.0,64.91333333333333,60,2,NaN
08:16:44,L10009,427.63,3,"L10009_2,L10009_1,L10009_0",406.85666666666674,60,0.0,64.91333333333333,60,2,NaN
08:16:46,L10009,427.63,3,"L10009_2,L10009_1,L10009_0",406.85666666666674,60,0.0,64.91333333333333,60,2,NaN
08:16:48,L10009,427.63,3,"L10009_2,L10009_1,L10009_0",406.85666666666674,60,0.0,64.91333333333333,60,2,NaN
08:16:50,L10009,427.63,3,"L10009_2,L10009_1,L10009_0",406.85666666666674,60,0.0,64.91333333333333,60,2,NaN
08:16:52,L10009,427.63,3,"L10009_2,L10009_1,L10009_0",406.85666666666674,60,0.0,64.91333333333333,60,2,NaN
08:16:54,L10009,427.63,3,"L10009_2,L10009_1,L10009_0",406.85666666666674,60,0.0,64.91333333333333,60,2,NaN
08:16:56,L10009,427.63,3,"L10009_2,L10009_1,L10009_0",406.85666666666674,60,0.0,64.91333333333333,60,2,NaN
08:16:58,L10009,427.63,3,"L10009_2,L10009_1,L10009_0",406.85666666666674,60,0.0,64.91333333333333,60,2,NaN
08:17:00,L10009,427.63,3,"L10009_2,L10009_1,L10009_0",406.85666666666674,60,0.0,64.91333333333333,60,2,NaN
08:17:02,L10009,427.63,3,"L10009_2,L10009_1,L10009_0",406.85666666666674,60,0.0,64.91333333333333,60,2,NaN
08:17:04,L10009,427.63,3,"L10009_2,L10009_1,L10009_0",406.85666666666674,60,0.0,64.91333333333333,60,2,NaN
08:17:06,L10009,427.63,3,"L10009_2,L10009_1,L10009_0",406.85666666666674,60,0.0,64.91333333333333,60,2,NaN
08:17:08,L10009,427.63,3,"L10009_2,L10009_1,L10009_0",406.85666666666674,60,0.0,64.91333333333333,60,2,NaN
08:17:10,L10009,427.63,3,"L10009_2,L10009_1,L10009_0",406.85666666666674,60,0.0,64.91333333333333,60,2,NaN
08:17:12,L10009,427.63,3,"L10009_2,L10009_1,L10009_0",406.85666666666674,60,0.0,64.91333333333333,60,2,NaN
08:17:14,L10009,427.63,3,"L10009_2,L10009_1,L10009_0",406.85666666666674,60,0.0,64.91333333333333,60,2,NaN
08:17:16,L10009,427.63,3,"L10009_2,L10009_1,L10009_0",406.85666666666674,60,0.0,64.91333333333333,60,2,NaN
08:17:18,L10009,427.63,3,"L10009_2,L10009_1,L10009_0",406.85666666666674,60,0.0,64.91333333333333,60,2,NaN
08:17:20,L10009,427.63,3,"L10009_2,L10009_1,L10009_0",406.85666666666674,60,0.0,64.91333333333333,60,2,NaN
08:17:22,L10009,427.63,3,"L10009_2,L10009_1,L10009_0",406.85666666666674,60,0.0,64.91333333333333,60,2,NaN
08:17:24,L10009,427.63,3,"L10009_2,L10009_1,L10009_0",406.85666666666674,60,0.0,64.91333333333333,60,2,NaN
08:17:26,L10009,427.63,3,"L10009_2,L10009_1,L10009_0",406.85666666666674,60,0.0,64.91333333333333,60,2,NaN
08:17:28,L10009,427.63,3,"L10009_2,L10009_1,L10009_0",406.85666666666674,60,0.0,64.91333333333333,60,2,NaN
08:17:30,L10009,427.63,3,"L10009_2,L10009_1,L10009_0",406.85666666666674,60,0.0,64.91333333333333,60,2,NaN
08:17:32,L10009,427.63,3,"L10009_2,L10009_1,L10009_0",406.85666666666674,60,0.0,64.91333333333333,60,2,NaN
08:17:34,L10009,427.63,3,"L10009_2,L10009_1,L10009_0",406.85666666666674,60,0.0,64.91333333333333,60,2,NaN
08:17:36,L10009,427.63,3,"L10009_2,L10009_1,L10009_0",406.85666666666674,60,0.0,64.91333333333333,60,2,NaN
08:17:38,L10009,427.63,3,"L10009_2,L10009_1,L10009_0",406.85666666666674,60,0.0,64.91333333333333,60,2,NaN
08:17:40,L10009,427.63,3,"L10009_2,L10009_1,L10009_0",406.85666666666674,60,0.0,64.91333333333333,60,2,NaN
08:17:42,L10009,427.63,3,"L10009_2,L10009_1,L10009_0",406.85666666666674,60,0.0,64.91333333333333,60,2,NaN
08:17:44,L10009,427.63,3,"L10009_2,L10009_1,L10009_0",406.85666666666674,60,0.0,64.91333333333333,60,2,NaN
08:17:46,L10009,427.63,3,"L10009_2,L10009_1,L10009_0",406.85666666666674,60,0.0,64.91333333333333,60,2,NaN
08:17:48,L10009,427.63,3,"L10009_2,L10009_1,L10009_0",406.85666666666674,60,0.0,64.91333333333333,60,2,NaN
08:17:50,L10009,427.63,3,"L10009_2,L10009_1,L10009_0",406.85666666666674,60,0.0,64.91333333333333,60,2,NaN
08:17:52,L10009,427.63,3,"L10009_2,L10009_1,L10009_0",406.85666666666674,60,0.0,64.91333333333333,60,2,NaN
08:17:54,L10009,427.63,3,"L10009_2,L10009_1,L10009_0",406.85666666666674,60,0.0,64.91333333333333,60,2,NaN
08:17:56,L10009,427.63,3,"L10009_2,L10009_1,L10009_0",406.85666666666674,60,0.0,64.91333333333333,60,2,NaN
08:17:58,L10009,427.63,3,"L10009_2,L10009_1,L10009_0",406.85666666666674,60,0.0,64.91333333333333,60,2,NaN
08:18:00,L10009,427.63,3,"L10009_2,L10009_1,L10009_0",406.85666666666674,60,0.0,64.91333333333333,60,2,NaN
08:18:02,L10009,427.63,3,"L10009_2,L10009_1,L10009_0",406.85666666666674,60,0.0,64.91333333333333,60,2,NaN
08:18:04,L10009,427.63,3,"L10009_2,L10009_1,L10009_0",406.85666666666674,60,0.0,64.91333333333333,60,2,NaN
08:18:06,L10009,427.63,3,"L10009_2,L10009_1,L10009_0",406.85666666666674,60,0.0,64.91333333333333,60,2,NaN
08:18:08,L10009,427.63,3,"L10009_2,L10009_1,L10009_0",406.85666666666674,60,0.0,64.91333333333333,60,2,NaN
08:18:10,L10009,427.63,3,"L10009_2,L10009_1,L10009_0",406.85666666666674,60,0.0,64.91333333333333,60,2,NaN
08:18:12,L10009,427.63,3,"L10009_2,L10009_1,L10009_0",406.85666666666674,60,0.0,64.91333333333333,60,2,NaN
08:18:14,L10009,427.63,3,"L10009_2,L10009_1,L10009_0",406.85666666666674,60,0.0,64.91333333333333,60,2,NaN
08:18:16,L10009,427.63,3,"L10009_2,L10009_1,L10009_0",406.85666666666674,60,0.0,64.91333333333333,60,2,NaN
08:18:18,L10009,427.63,3,"L10009_2,L10009_1,L10009_0",406.85666666666674,60,0.0,64.91333333333333,60,2,NaN
08:18:20,L10009,427.63,3,"L10009_2,L10009_1,L10009_0",406.85666666666674,60,0.0,64.91333333333333,60,2,NaN
08:18:22,L10009,427.63,3,"L10009_2,L10009_1,L10009_0",406.85666666666674,60,0.0,64.91333333333333,60,2,NaN
08:18:24,L10009,427.63,3,"L10009_2,L10009_1,L10009_0",406.85666666666674,60,0.0,64.91333333333333,60,2,NaN
08:18:26,L10009,427.63,3,"L10009_2,L10009_1,L10009_0",406.85666666666674,60,0.0,64.91333333333333,60,2,NaN
08:18:28,L10009,427.63,3,"L10009_2,L10009_1,L10009_0",406.85666666666674,60,0.0,64.91333333333333,60,2,NaN
08:18:30,L10009,427.63,3,"L10009_2,L10009_1,L10009_0",406.85666666666674,60,0.0,64.91333333333333,60,2,NaN
08:18:32,L10009,427.63,3,"L10009_2,L10009_1,L10009_0",406.85666666666674,60,0.0,64.91333333333333,60,2,NaN
08:18:34,L10009,427.63,3,"L10009_2,L10009_1,L10009_0",406.85666666666674,60,0.0,64.91333333333333,60,2,NaN
08:18:36,L10009,427.63,3,"L10009_2,L10009_1,L10009_0",406.85666666666674,60,0.0,64.91333333333333,60,2,NaN
08:18:38,L10009,427.63,3,"L10009_2,L10009_1,L10009_0",406.85666666666674,60,0.0,64.91333333333333,60,2,NaN
08:18:40,L10009,427.63,3,"L10009_2,L10009_1,L10009_0",406.85666666666674,60,0.0,64.91333333333333,60,2,NaN
08:18:42,L10009,427.63,3,"L10009_2,L10009_1,L10009_0",406.85666666666674,60,0.0,64.91333333333333,60,2,NaN
08:18:44,L10009,427.63,3,"L10009_2,L10009_1,L10009_0",406.85666666666674,60,0.0,64.91333333333333,60,2,NaN
08:18:46,L10009,427.63,3,"L10009_2,L10009_1,L10009_0",406.85666666666674,60,0.0,64.91333333333333,60,2,NaN
08:18:48,L10009,427.63,3,"L10009_2,L10009_1,L10009_0",406.85666666666674,60,0.0,64.91333333333333,60,2,NaN
08:18:50,L10009,427.63,3,"L10009_2,L10009_1,L10009_0",406.85666666666674,60,0.0,64.91333333333333,60,2,NaN
08:18:52,L10009,427.63,3,"L10009_2,L10009_1,L10009_0",406.85666666666674,60,0.0,64.91333333333333,60,2,NaN
08:18:54,L10009,427.63,3,"L10009_2,L10009_1,L10009_0",406.85666666666674,60,0.0,64.91333333333333,60,2,NaN
08:18:56,L10009,427.63,3,"L10009_2,L10009_1,L10009_0",406.85666666666674,60,0.0,64.91333333333333,60,2,NaN
08:18:58,L10009,427.63,3,"L10009_2,L10009_1,L10009_0",406.85666666666674,60,0.0,64.91333333333333,60,2,NaN
08:19:00,L10009,427.63,3,"L10009_2,L10009_1,L10009_0",406.85666666666674,60,0.0,64.91333333333333,60,2,NaN
08:19:02,L10009,427.63,3,"L10009_2,L10009_1,L10009_0",406.85666666666674,60,0.0,64.91333333333333,60,2,NaN
08:19:04,L10009,427.63,3,"L10009_2,L10009_1,L10009_0",406.85666666666674,60,0.0,64.91333333333333,60,2,NaN
08:19:06,L10009,427.63,3,"L10009_2,L10009_1,L10009_0",406.85666666666674,60,0.0,64.91333333333333,60,2,NaN
08:19:08,L10009,427.63,3,"L10009_2,L10009_1,L10009_0",406.85666666666674,60,0.0,64.91333333333333,60,2,NaN
08:19:10,L10009,427.63,3,"L10009_2,L10009_1,L10009_0",406.85666666666674,60,0.0,64.91333333333333,60,2,NaN
08:19:12,L10009,427.63,3,"L10009_2,L10009_1,L10009_0",406.85666666666674,60,0.0,64.91333333333333,60,2,NaN
08:19:14,L10009,427.63,3,"L10009_2,L10009_1,L10009_0",406.85666666666674,60,0.0,64.91333333333333,60,2,NaN
08:19:16,L10009,427.63,3,"L10009_2,L10009_1,L10009_0",406.85666666666674,60,0.0,64.91333333333333,60,2,NaN
08:19:18,L10009,427.63,3,"L10009_2,L10009_1,L10009_0",406.85666666666674,60,0.0,64.91333333333333,60,2,NaN
08:19:20,L10009,427.63,3,"L10009_2,L10009_1,L10009_0",406.85666666666674,60,0.0,64.91333333333333,60,2,NaN
08:19:22,L10009,427.63,3,"L10009_2,L10009_1,L10009_0",406.85666666666674,60,0.0,64.91333333333333,60,2,NaN
08:19:24,L10009,427.63,3,"L10009_2,L10009_1,L10009_0",406.85666666666674,60,0.0,64.91333333333333,60,2,NaN
08:19:26,L10009,427.63,3,"L10009_2,L10009_1,L10009_0",406.85666666666674,60,0.0,64.91333333333333,60,2,NaN
08:19:28,L10009,427.63,3,"L10009_2,L10009_1,L10009_0",406.85666666666674,60,0.0,64.91333333333333,60,2,NaN
08:19:30,L10009,427.63,3,"L10009_2,L10009_1,L10009_0",406.85666666666674,60,0.0,64.91333333333333,60,2,NaN
08:19:32,L10009,427.63,3,"L10009_2,L10009_1,L10009_0",406.85666666666674,60,0.0,64.91333333333333,60,2,NaN
08:19:34,L10009,427.63,3,"L10009_2,L10009_1,L10009_0",406.85666666666674,60,0.0,64.91333333333333,60,2,NaN
08:19:36,L10009,427.63,3,"L10009_2,L10009_1,L10009_0",406.85666666666674,60,0.0,64.91333333333333,60,2,NaN
08:19:38,L10009,427.63,3,"L10009_2,L10009_1,L10009_0",406.85666666666674,60,0.0,64.91333333333333,60,2,NaN
08:19:40,L10009,427.63,3,"L10009_2,L10009_1,L10009_0",406.85666666666674,60,0.0,64.91333333333333,60,2,NaN
08:19:42,L10009,427.63,3,"L10009_2,L10009_1,L10009_0",406.85666666666674,60,0.0,64.91333333333333,60,2,NaN
08:19:44,L10009,427.63,3,"L10009_2,L10009_1,L10009_0",406.85666666666674,60,0.0,64.91333333333333,60,2,NaN
08:19:46,L10009,427.63,3,"L10009_2,L10009_1,L10009_0",406.85666666666674,60,0.0,64.91333333333333,60,2,NaN
08:19:48,L10009,427.63,3,"L10009_2,L10009_1,L10009_0",406.85666666666674,60,0.0,64.91333333333333,60,2,NaN
08:19:50,L10009,427.63,3,"L10009_2,L10009_1,L10009_0",406.85666666666674,60,0.0,64.91333333333333,60,2,NaN
08:19:52,L10009,427.63,3,"L10009_2,L10009_1,L10009_0",406.85666666666674,60,0.0,64.91333333333333,60,2,NaN
08:19:54,L10009,427.63,3,"L10009_2,L10009_1,L10009_0",406.85666666666674,60,0.0,64.91333333333333,60,2,NaN
08:19:56,L10009,427.63,3,"L10009_2,L10009_1,L10009_0",406.85666666666674,60,0.0,64.91333333333333,60,2,NaN
08:19:58,L10009,427.63,3,"L10009_2,L10009_1,L10009_0",406.85666666666674,60,0.0,64.91333333333333,60,2,NaN
08:20:00,L10009,427.63,3,"L10009_2,L10009_1,L10009_0",406.85666666666674,60,0.0,64.91333333333333,60,2,NaN
08:20:02,L10009,427.63,3,"L10009_2,L10009_1,L10009_0",406.85666666666674,60,0.0,64.91333333333333,60,2,NaN
08:20:04,L10009,427.63,3,"L10009_2,L10009_1,L10009_0",406.85666666666674,60,0.0,64.91333333333333,60,2,NaN
08:20:06,L10009,427.63,3,"L10009_2,L10009_1,L10009_0",406.85666666666674,60,0.0,64.91333333333333,60,2,NaN
08:20:08,L10009,427.63,3,"L10009_2,L10009_1,L10009_0",406.85666666666674,60,0.0,64.91333333333333,60,2,NaN
08:20:10,L10009,427.63,3,"L10009_2,L10009_1,L10009_0",406.85666666666674,60,0.0,64.91333333333333,60,2,NaN
08:20:12,L10009,427.63,3,"L10009_2,L10009_1,L10009_0",406.85666666666674,60,0.0,64.91333333333333,60,2,NaN
08:20:14,L10009,427.63,3,"L10009_2,L10009_1,L10009_0",406.85666666666674,60,0.0,64.91333333333333,60,2,NaN
08:20:16,L10009,427.63,3,"L10009_2,L10009_1,L10009_0",406.85666666666674,60,0.0,64.91333333333333,60,2,NaN
08:20:18,L10009,427.63,3,"L10009_2,L10009_1,L10009_0",406.85666666666674,60,0.0,64.91333333333333,60,2,NaN
08:20:20,L10009,427.63,3,"L10009_2,L10009_1,L10009_0",406.85666666666674,60,0.0,64.91333333333333,60,2,NaN
08:20:22,L10009,427.63,3,"L10009_2,L10009_1,L10009_0",406.85666666666674,60,0.0,64.91333333333333,60,2,NaN
08:20:24,L10009,427.63,3,"L10009_2,L10009_1,L10009_0",406.85666666666674,60,0.0,64.91333333333333,60,2,NaN
08:20:26,L10009,427.63,3,"L10009_2,L10009_1,L10009_0",406.85666666666674,60,0.0,64.91333333333333,60,2,NaN
08:20:28,L10009,427.63,3,"L10009_2,L10009_1,L10009_0",406.85666666666674,60,0.0,64.91333333333333,60,2,NaN
08:20:30,L10009,427.63,3,"L10009_2,L10009_1,L10009_0",406.85666666666674,60,0.0,64.91333333333333,60,2,NaN
08:20:32,L10009,427.63,3,"L10009_2,L10009_1,L10009_0",406.85666666666674,60,0.0,64.91333333333333,60,2,NaN
08:20:34,L10009,427.63,3,"L10009_2,L10009_1,L10009_0",406.85666666666674,60,0.0,64.91333333333333,60,2,NaN
08:20:36,L10009,427.63,3,"L10009_2,L10009_1,L10009_0",406.85666666666674,60,0.0,64.91333333333333,60,2,NaN
08:20:38,L10009,427.63,3,"L10009_2,L10009_1,L10009_0",406.85666666666674,60,0.0,64.91333333333333,60,2,NaN
08:20:40,L10009,427.63,3,"L10009_2,L10009_1,L10009_0",406.85666666666674,60,0.0,64.91333333333333,60,2,NaN
08:20:42,L10009,427.63,3,"L10009_2,L10009_1,L10009_0",406.85666666666674,60,0.0,64.91333333333333,60,2,NaN
08:20:44,L10009,427.63,3,"L10009_2,L10009_1,L10009_0",406.85666666666674,60,0.0,64.91333333333333,60,2,NaN
08:20:46,L10009,427.63,3,"L10009_2,L10009_1,L10009_0",406.85666666666674,60,0.0,64.91333333333333,60,2,NaN
08:20:48,L10009,427.63,3,"L10009_2,L10009_1,L10009_0",406.85666666666674,60,0.0,64.91333333333333,60,2,NaN
08:20:50,L10009,427.63,3,"L10009_2,L10009_1,L10009_0",406.85666666666674,60,0.0,64.91333333333333,60,2,NaN
08:20:52,L10009,427.63,3,"L10009_2,L10009_1,L10009_0",406.85666666666674,60,0.0,64.91333333333333,60,2,NaN
08:20:54,L10009,427.63,3,"L10009_2,L10009_1,L10009_0",406.85666666666674,60,0.0,64.91333333333333,60,2,NaN
08:20:56,L10009,427.63,3,"L10009_2,L10009_1,L10009_0",406.85666666666674,60,0.0,64.91333333333333,60,2,NaN
08:20:58,L10009,427.63,3,"L10009_2,L10009_1,L10009_0",406.85666666666674,60,0.0,64.91333333333333,60,2,NaN
08:21:00,L10009,427.63,3,"L10009_2,L10009_1,L10009_0",406.85666666666674,60,0.0,64.91333333333333,60,2,NaN
08:21:02,L10009,427.63,3,"L10009_2,L10009_1,L10009_0",406.85666666666674,60,0.0,64.91333333333333,60,2,NaN
08:21:04,L10009,427.63,3,"L10009_2,L10009_1,L10009_0",406.85666666666674,60,0.0,64.91333333333333,60,2,NaN
08:21:06,L10009,427.63,3,"L10009_2,L10009_1,L10009_0",406.85666666666674,60,0.0,64.91333333333333,60,2,NaN
08:21:08,L10009,427.63,3,"L10009_2,L10009_1,L10009_0",406.85666666666674,60,0.0,64.91333333333333,60,2,NaN
08:21:10,L10009,427.63,3,"L10009_2,L10009_1,L10009_0",406.85666666666674,60,0.0,64.91333333333333,60,2,NaN
08:21:12,L10009,427.63,3,"L10009_2,L10009_1,L10009_0",406.85666666666674,60,0.0,64.91333333333333,60,2,NaN
08:21:14,L10009,427.63,3,"L10009_2,L10009_1,L10009_0",406.85666666666674,60,0.0,64.91333333333333,60,2,NaN
08:21:16,L10009,427.63,3,"L10009_2,L10009_1,L10009_0",406.85666666666674,60,0.0,64.91333333333333,60,2,NaN
08:21:18,L10009,427.63,3,"L10009_2,L10009_1,L10009_0",406.85666666666674,60,0.0,64.91333333333333,60,2,NaN
08:21:20,L10009,427.63,3,"L10009_2,L10009_1,L10009_0",406.85666666666674,60,0.0,64.91333333333333,60,2,NaN
08:21:22,L10009,427.63,3,"L10009_2,L10009_1,L10009_0",406.85666666666674,60,0.0,64.91333333333333,60,2,NaN
08:21:24,L10009,427.63,3,"L10009_2,L10009_1,L10009_0",406.85666666666674,60,0.0,64.91333333333333,60,2,NaN
08:21:26,L10009,427.63,3,"L10009_2,L10009_1,L10009_0",406.85666666666674,60,0.0,64.91333333333333,60,2,NaN
08:21:28,L10009,427.63,3,"L10009_2,L10009_1,L10009_0",406.85666666666674,60,0.0,64.91333333333333,60,2,NaN
08:21:30,L10009,427.63,3,"L10009_2,L10009_1,L10009_0",406.85666666666674,60,0.0,64.91333333333333,60,2,NaN
08:21:32,L10009,427.63,3,"L10009_2,L10009_1,L10009_0",406.85666666666674,60,0.0,64.91333333333333,60,2,NaN
08:21:34,L10009,427.63,3,"L10009_2,L10009_1,L10009_0",406.85666666666674,60,0.0,64.91333333333333,60,2,NaN
08:21:36,L10009,427.63,3,"L10009_2,L10009_1,L10009_0",406.85666666666674,60,0.0,64.91333333333333,60,2,NaN
08:21:38,L10009,427.63,3,"L10009_2,L10009_1,L10009_0",406.85666666666674,60,0.0,64.91333333333333,60,2,NaN
08:21:40,L10009,427.63,3,"L10009_2,L10009_1,L10009_0",406.85666666666674,60,0.0,64.91333333333333,60,2,NaN
08:21:42,L10009,427.63,3,"L10009_2,L10009_1,L10009_0",406.85666666666674,60,0.0,64.91333333333333,60,2,NaN
08:21:44,L10009,427.63,3,"L10009_2,L10009_1,L10009_0",406.85666666666674,60,0.0,64.91333333333333,60,2,NaN
08:21:46,L10009,427.63,3,"L10009_2,L10009_1,L10009_0",406.85666666666674,60,0.0,64.91333333333333,60,2,NaN
08:21:48,L10009,427.63,3,"L10009_2,L10009_1,L10009_0",406.85666666666674,60,0.0,64.91333333333333,60,2,NaN
08:21:50,L10009,427.63,3,"L10009_2,L10009_1,L10009_0",406.85666666666674,60,0.0,64.91333333333333,60,2,NaN
08:21:52,L10009,427.63,3,"L10009_2,L10009_1,L10009_0",406.85666666666674,60,0.0,64.91333333333333,60,2,NaN
08:21:54,L10009,427.63,3,"L10009_2,L10009_1,L10009_0",406.85666666666674,60,0.0,64.91333333333333,60,2,NaN
08:21:56,L10009,427.63,3,"L10009_2,L10009_1,L10009_0",406.85666666666674,60,0.0,64.91333333333333,60,2,NaN
08:21:58,L10009,427.63,3,"L10009_2,L10009_1,L10009_0",406.85666666666674,60,0.0,64.91333333333333,60,2,NaN
08:22:00,L10009,427.63,3,"L10009_2,L10009_1,L10009_0",406.85666666666674,60,0.0,64.91333333333333,60,2,NaN
08:22:02,L10009,427.63,3,"L10009_2,L10009_1,L10009_0",406.85666666666674,60,0.0,64.91333333333333,60,2,NaN
08:22:04,L10009,427.63,3,"L10009_2,L10009_1,L10009_0",406.85666666666674,60,0.0,64.91333333333333,60,2,NaN
08:22:06,L10009,427.63,3,"L10009_2,L10009_1,L10009_0",406.85666666666674,60,0.0,64.91333333333333,60,2,NaN
08:22:08,L10009,427.63,3,"L10009_2,L10009_1,L10009_0",406.85666666666674,60,0.0,64.91333333333333,60,2,NaN
08:22:10,L10009,427.63,3,"L10009_2,L10009_1,L10009_0",406.85666666666674,60,0.0,64.91333333333333,60,2,NaN
08:22:12,L10009,427.63,3,"L10009_2,L10009_1,L10009_0",406.85666666666674,60,0.0,64.91333333333333,60,2,NaN
08:22:14,L10009,427.63,3,"L10009_2,L10009_1,L10009_0",406.85666666666674,60,0.0,64.91333333333333,60,2,NaN
08:22:16,L10009,427.63,3,"L10009_2,L10009_1,L10009_0",406.85666666666674,60,0.0,64.91333333333333,60,2,NaN
08:22:18,L10009,427.63,3,"L10009_2,L10009_1,L10009_0",406.85666666666674,60,0.0,64.91333333333333,60,2,NaN
08:22:20,L10009,427.63,3,"L10009_2,L10009_1,L10009_0",406.85666666666674,60,0.0,64.91333333333333,60,2,NaN
08:22:22,L10009,427.63,3,"L10009_2,L10009_1,L10009_0",406.85666666666674,60,0.0,64.91333333333333,60,2,NaN
08:22:24,L10009,427.63,3,"L10009_2,L10009_1,L10009_0",406.85666666666674,60,0.0,64.91333333333333,60,2,NaN
08:22:26,L10009,427.63,3,"L10009_2,L10009_1,L10009_0",406.85666666666674,60,0.0,64.91333333333333,60,2,NaN
08:22:28,L10009,427.63,3,"L10009_2,L10009_1,L10009_0",406.85666666666674,60,0.0,64.91333333333333,60,2,NaN
08:22:30,L10009,427.63,3,"L10009_2,L10009_1,L10009_0",406.85666666666674,60,0.0,64.91333333333333,60,2,NaN
08:22:32,L10009,427.63,3,"L10009_2,L10009_1,L10009_0",406.85666666666674,60,0.0,64.91333333333333,60,2,NaN
08:22:34,L10009,427.63,3,"L10009_2,L10009_1,L10009_0",406.85666666666674,60,0.0,64.91333333333333,60,2,NaN
08:22:36,L10009,427.63,3,"L10009_2,L10009_1,L10009_0",406.85666666666674,60,0.0,64.91333333333333,60,2,NaN
08:22:38,L10009,427.63,3,"L10009_2,L10009_1,L10009_0",406.85666666666674,60,0.0,64.91333333333333,60,2,NaN
08:22:40,L10009,427.63,3,"L10009_2,L10009_1,L10009_0",406.85666666666674,60,0.0,64.91333333333333,60,2,NaN
08:22:42,L10009,427.63,3,"L10009_2,L10009_1,L10009_0",406.85666666666674,60,0.0,64.91333333333333,60,2,NaN
08:22:44,L10009,427.63,3,"L10009_2,L10009_1,L10009_0",406.85666666666674,60,0.0,64.91333333333333,60,2,NaN
08:22:46,L10009,427.63,3,"L10009_2,L10009_1,L10009_0",406.85666666666674,60,0.0,64.91333333333333,60,2,NaN
08:22:48,L10009,427.63,3,"L10009_2,L10009_1,L10009_0",406.85666666666674,60,0.0,64.91333333333333,60,2,NaN
08:22:50,L10009,427.63,3,"L10009_2,L10009_1,L10009_0",406.85666666666674,60,0.0,64.91333333333333,60,2,NaN
08:22:52,L10009,427.63,3,"L10009_2,L10009_1,L10009_0",406.85666666666674,60,0.0,64.91333333333333,60,2,NaN
08:22:54,L10009,427.63,3,"L10009_2,L10009_1,L10009_0",406.85666666666674,60,0.0,64.91333333333333,60,2,NaN
08:22:56,L10009,427.63,3,"L10009_2,L10009_1,L10009_0",406.85666666666674,60,0.0,64.91333333333333,60,2,NaN
08:22:58,L10009,427.63,3,"L10009_2,L10009_1,L10009_0",406.85666666666674,60,0.0,64.91333333333333,60,2,NaN
08:23:00,L10009,427.63,3,"L10009_2,L10009_1,L10009_0",406.85666666666674,60,0.0,64.91333333333333,60,2,NaN
08:23:02,L10009,427.63,3,"L10009_2,L10009_1,L10009_0",406.85666666666674,60,0.0,64.91333333333333,60,2,NaN
08:23:04,L10009,427.63,3,"L10009_2,L10009_1,L10009_0",406.85666666666674,60,0.0,64.91333333333333,60,2,NaN
08:23:06,L10009,427.63,3,"L10009_2,L10009_1,L10009_0",406.85666666666674,60,0.0,64.91333333333333,60,2,NaN
08:23:08,L10009,427.63,3,"L10009_2,L10009_1,L10009_0",406.85666666666674,60,0.0,64.91333333333333,60,2,NaN
08:23:10,L10009,427.63,3,"L10009_2,L10009_1,L10009_0",406.85666666666674,60,0.0,64.91333333333333,60,2,NaN
08:23:12,L10009,427.63,3,"L10009_2,L10009_1,L10009_0",406.85666666666674,60,0.0,64.91333333333333,60,2,NaN
08:23:14,L10009,427.63,3,"L10009_2,L10009_1,L10009_0",406.85666666666674,60,0.0,64.91333333333333,60,2,NaN
08:23:16,L10009,427.63,3,"L10009_2,L10009_1,L10009_0",406.85666666666674,60,0.0,64.91333333333333,60,2,NaN
08:23:18,L10009,427.63,3,"L10009_2,L10009_1,L10009_0",406.85666666666674,60,0.0,64.91333333333333,60,2,NaN
08:23:20,L10009,427.63,3,"L10009_2,L10009_1,L10009_0",406.85666666666674,60,0.0,64.91333333333333,60,2,NaN
08:23:22,L10009,427.63,3,"L10009_2,L10009_1,L10009_0",406.85666666666674,60,0.0,64.91333333333333,60,2,NaN
08:23:24,L10009,427.63,3,"L10009_2,L10009_1,L10009_0",406.85666666666674,60,0.0,64.91333333333333,60,2,NaN
08:23:26,L10009,427.63,3,"L10009_2,L10009_1,L10009_0",406.85666666666674,60,0.0,64.91333333333333,60,2,NaN
08:23:28,L10009,427.63,3,"L10009_2,L10009_1,L10009_0",406.85666666666674,60,0.0,64.91333333333333,60,2,NaN
08:23:30,L10009,427.63,3,"L10009_2,L10009_1,L10009_0",406.85666666666674,60,0.0,64.91333333333333,60,2,NaN
08:23:32,L10009,427.63,3,"L10009_2,L10009_1,L10009_0",406.85666666666674,60,0.0,64.91333333333333,60,2,NaN
08:23:34,L10009,427.63,3,"L10009_2,L10009_1,L10009_0",406.85666666666674,60,0.0,64.91333333333333,60,2,NaN
08:23:36,L10009,427.63,3,"L10009_2,L10009_1,L10009_0",406.85666666666674,60,0.0,64.91333333333333,60,2,NaN
08:23:38,L10009,427.63,3,"L10009_2,L10009_1,L10009_0",406.85666666666674,60,0.0,64.91333333333333,60,2,NaN
08:23:40,L10009,427.63,3,"L10009_2,L10009_1,L10009_0",406.85666666666674,60,0.0,64.91333333333333,60,2,NaN
08:23:42,L10009,427.63,3,"L10009_2,L10009_1,L10009_0",406.85666666666674,60,0.0,64.91333333333333,60,2,NaN
08:23:44,L10009,427.63,3,"L10009_2,L10009_1,L10009_0",406.85666666666674,60,0.0,64.91333333333333,60,2,NaN
08:23:46,L10009,427.63,3,"L10009_2,L10009_1,L10009_0",406.85666666666674,60,0.0,64.91333333333333,60,2,NaN
08:23:48,L10009,427.63,3,"L10009_2,L10009_1,L10009_0",406.85666666666674,60,0.0,64.91333333333333,60,2,NaN
08:23:50,L10009,427.63,3,"L10009_2,L10009_1,L10009_0",406.85666666666674,60,0.0,64.91333333333333,60,2,NaN
08:23:52,L10009,427.63,3,"L10009_2,L10009_1,L10009_0",406.85666666666674,60,0.0,64.91333333333333,60,2,NaN
08:23:54,L10009,427.63,3,"L10009_2,L10009_1,L10009_0",406.85666666666674,60,0.0,64.91333333333333,60,2,NaN
08:23:56,L10009,427.63,3,"L10009_2,L10009_1,L10009_0",406.85666666666674,60,0.0,64.91333333333333,60,2,NaN
08:23:58,L10009,427.63,3,"L10009_2,L10009_1,L10009_0",406.85666666666674,60,0.0,64.91333333333333,60,2,NaN
08:24:00,L10009,427.63,3,"L10009_2,L10009_1,L10009_0",406.85666666666674,60,0.0,64.91333333333333,60,2,NaN
08:24:02,L10009,427.63,3,"L10009_2,L10009_1,L10009_0",406.85666666666674,60,0.0,64.91333333333333,60,2,NaN
08:24:04,L10009,427.63,3,"L10009_2,L10009_1,L10009_0",406.85666666666674,60,0.0,64.91333333333333,60,2,NaN
08:24:06,L10009,427.63,3,"L10009_2,L10009_1,L10009_0",406.85666666666674,60,0.0,64.91333333333333,60,2,NaN
08:24:08,L10009,427.63,3,"L10009_2,L10009_1,L10009_0",406.85666666666674,60,0.0,64.91333333333333,60,2,NaN
08:24:10,L10009,427.63,3,"L10009_2,L10009_1,L10009_0",406.85666666666674,60,0.0,64.91333333333333,60,2,NaN
08:24:12,L10009,427.63,3,"L10009_2,L10009_1,L10009_0",406.85666666666674,60,0.0,64.91333333333333,60,2,NaN
08:24:14,L10009,427.63,3,"L10009_2,L10009_1,L10009_0",406.85666666666674,60,0.0,64.91333333333333,60,2,NaN
08:24:16,L10009,427.63,3,"L10009_2,L10009_1,L10009_0",406.85666666666674,60,0.0,64.91333333333333,60,2,NaN
08:24:18,L10009,427.63,3,"L10009_2,L10009_1,L10009_0",406.85666666666674,60,0.0,64.91333333333333,60,2,NaN
08:24:20,L10009,427.63,3,"L10009_2,L10009_1,L10009_0",406.85666666666674,60,0.0,64.91333333333333,60,2,NaN
08:24:22,L10009,427.63,3,"L10009_2,L10009_1,L10009_0",406.85666666666674,60,0.0,64.91333333333333,60,2,NaN
08:24:24,L10009,427.63,3,"L10009_2,L10009_1,L10009_0",406.85666666666674,60,0.0,64.91333333333333,60,2,NaN
08:24:26,L10009,427.63,3,"L10009_2,L10009_1,L10009_0",406.85666666666674,60,0.0,64.91333333333333,60,2,NaN
08:24:28,L10009,427.63,3,"L10009_2,L10009_1,L10009_0",406.85666666666674,60,0.0,64.91333333333333,60,2,NaN
08:24:30,L10009,427.63,3,"L10009_2,L10009_1,L10009_0",406.85666666666674,60,0.0,64.91333333333333,60,2,NaN
08:24:32,L10009,427.63,3,"L10009_2,L10009_1,L10009_0",406.85666666666674,60,0.0,64.91333333333333,60,2,NaN
08:24:34,L10009,427.63,3,"L10009_2,L10009_1,L10009_0",406.85666666666674,60,0.0,64.91333333333333,60,2,NaN
08:24:36,L10009,427.63,3,"L10009_2,L10009_1,L10009_0",406.85666666666674,60,0.0,64.91333333333333,60,2,NaN
08:24:38,L10009,427.63,3,"L10009_2,L10009_1,L10009_0",406.85666666666674,60,0.0,64.91333333333333,60,2,NaN
08:24:40,L10009,427.63,3,"L10009_2,L10009_1,L10009_0",406.85666666666674,60,0.0,64.91333333333333,60,2,NaN
08:24:42,L10009,427.63,3,"L10009_2,L10009_1,L10009_0",406.85666666666674,60,0.0,64.91333333333333,60,2,NaN
08:24:44,L10009,427.63,3,"L10009_2,L10009_1,L10009_0",406.85666666666674,60,0.0,64.91333333333333,60,2,NaN
08:24:46,L10009,427.63,3,"L10009_2,L10009_1,L10009_0",406.85666666666674,60,0.0,64.91333333333333,60,2,NaN
08:24:48,L10009,427.63,3,"L10009_2,L10009_1,L10009_0",406.85666666666674,60,0.0,64.91333333333333,60,2,NaN
08:24:50,L10009,427.63,3,"L10009_2,L10009_1,L10009_0",406.85666666666674,60,0.0,64.91333333333333,60,2,NaN
08:24:52,L10009,427.63,3,"L10009_2,L10009_1,L10009_0",406.85666666666674,60,0.0,64.91333333333333,60,2,NaN
08:24:54,L10009,427.63,3,"L10009_2,L10009_1,L10009_0",406.85666666666674,60,0.0,64.91333333333333,60,2,NaN
08:24:56,L10009,427.63,3,"L10009_2,L10009_1,L10009_0",406.85666666666674,60,0.0,64.91333333333333,60,2,NaN
08:24:58,L10009,427.63,3,"L10009_2,L10009_1,L10009_0",406.85666666666674,60,0.0,64.91333333333333,60,2,NaN
08:25:00,L10009,427.63,3,"L10009_2,L10009_1,L10009_0",406.85666666666674,60,0.0,64.91333333333333,60,2,NaN
08:25:02,L10009,427.63,3,"L10009_2,L10009_1,L10009_0",406.85666666666674,60,0.0,64.91333333333333,60,2,NaN
08:25:04,L10009,427.63,3,"L10009_2,L10009_1,L10009_0",406.85666666666674,60,0.0,64.91333333333333,60,2,NaN
08:25:06,L10009,427.63,3,"L10009_2,L10009_1,L10009_0",406.85666666666674,60,0.0,64.91333333333333,60,2,NaN
08:25:08,L10009,427.63,3,"L10009_2,L10009_1,L10009_0",406.85666666666674,60,0.0,64.91333333333333,60,2,NaN
08:25:10,L10009,427.63,3,"L10009_2,L10009_1,L10009_0",406.85666666666674,60,0.0,64.91333333333333,60,2,NaN
08:25:12,L10009,427.63,3,"L10009_2,L10009_1,L10009_0",406.85666666666674,60,0.0,64.91333333333333,60,2,NaN
08:25:14,L10009,427.63,3,"L10009_2,L10009_1,L10009_0",406.85666666666674,60,0.0,64.91333333333333,60,2,NaN
08:25:16,L10009,427.63,3,"L10009_2,L10009_1,L10009_0",406.85666666666674,60,0.0,64.91333333333333,60,2,NaN
08:25:18,L10009,427.63,3,"L10009_2,L10009_1,L10009_0",406.85666666666674,60,0.0,64.91333333333333,60,2,NaN
08:25:20,L10009,427.63,3,"L10009_2,L10009_1,L10009_0",406.85666666666674,60,0.0,64.91333333333333,60,2,NaN
08:25:22,L10009,427.63,3,"L10009_2,L10009_1,L10009_0",406.85666666666674,60,0.0,64.91333333333333,60,2,NaN
08:25:24,L10009,427.63,3,"L10009_2,L10009_1,L10009_0",406.85666666666674,60,0.0,64.91333333333333,60,2,NaN
08:25:26,L10009,427.63,3,"L10009_2,L10009_1,L10009_0",406.85666666666674,60,0.0,64.91333333333333,60,2,NaN
08:25:28,L10009,427.63,3,"L10009_2,L10009_1,L10009_0",406.85666666666674,60,0.0,64.91333333333333,60,2,NaN
08:25:30,L10009,427.63,3,"L10009_2,L10009_1,L10009_0",406.85666666666674,60,0.0,64.91333333333333,60,2,NaN
08:25:32,L10009,427.63,3,"L10009_2,L10009_1,L10009_0",406.85666666666674,60,0.0,64.91333333333333,60,2,NaN
08:25:34,L10009,427.63,3,"L10009_2,L10009_1,L10009_0",406.85666666666674,60,0.0,64.91333333333333,60,2,NaN
08:25:36,L10009,427.63,3,"L10009_2,L10009_1,L10009_0",406.85666666666674,60,0.0,64.91333333333333,60,2,NaN
08:25:38,L10009,427.63,3,"L10009_2,L10009_1,L10009_0",406.85666666666674,60,0.0,64.91333333333333,60,2,NaN
08:25:40,L10009,427.63,3,"L10009_2,L10009_1,L10009_0",406.85666666666674,60,0.0,64.91333333333333,60,2,NaN
08:25:42,L10009,427.63,3,"L10009_2,L10009_1,L10009_0",406.85666666666674,60,0.0,64.91333333333333,60,2,NaN
08:25:44,L10009,427.63,3,"L10009_2,L10009_1,L10009_0",406.85666666666674,60,0.0,64.91333333333333,60,2,NaN
08:25:46,L10009,427.63,3,"L10009_2,L10009_1,L10009_0",406.85666666666674,60,0.0,64.91333333333333,60,2,NaN
08:25:48,L10009,427.63,3,"L10009_2,L10009_1,L10009_0",406.85666666666674,60,0.0,64.91333333333333,60,2,NaN
08:25:50,L10009,427.63,3,"L10009_2,L10009_1,L10009_0",406.85666666666674,60,0.0,64.91333333333333,60,2,NaN
08:25:52,L10009,427.63,3,"L10009_2,L10009_1,L10009_0",406.85666666666674,60,0.0,64.91333333333333,60,2,NaN
08:25:54,L10009,427.63,3,"L10009_2,L10009_1,L10009_0",406.85666666666674,60,0.0,64.91333333333333,60,2,NaN
08:25:56,L10009,427.63,3,"L10009_2,L10009_1,L10009_0",406.85666666666674,60,0.0,64.91333333333333,60,2,NaN
08:25:58,L10009,427.63,3,"L10009_2,L10009_1,L10009_0",406.85666666666674,60,0.0,64.91333333333333,60,2,NaN
08:26:00,L10009,427.63,3,"L10009_2,L10009_1,L10009_0",406.85666666666674,60,0.0,64.91333333333333,60,2,NaN
08:26:02,L10009,427.63,3,"L10009_2,L10009_1,L10009_0",406.85666666666674,60,0.0,64.91333333333333,60,2,NaN
08:26:04,L10009,427.63,3,"L10009_2,L10009_1,L10009_0",406.85666666666674,60,0.0,64.91333333333333,60,2,NaN
08:26:06,L10009,427.63,3,"L10009_2,L10009_1,L10009_0",406.85666666666674,60,0.0,64.91333333333333,60,2,NaN
08:26:08,L10009,427.63,3,"L10009_2,L10009_1,L10009_0",406.85666666666674,60,0.0,64.91333333333333,60,2,NaN
08:26:10,L10009,427.63,3,"L10009_2,L10009_1,L10009_0",406.85666666666674,60,0.0,64.91333333333333,60,2,NaN
08:26:12,L10009,427.63,3,"L10009_2,L10009_1,L10009_0",406.85666666666674,60,0.0,64.91333333333333,60,2,NaN
08:26:14,L10009,427.63,3,"L10009_2,L10009_1,L10009_0",406.85666666666674,60,0.0,64.91333333333333,60,2,NaN
08:26:16,L10009,427.63,3,"L10009_2,L10009_1,L10009_0",406.85666666666674,60,0.0,64.91333333333333,60,2,NaN
08:26:18,L10009,427.63,3,"L10009_2,L10009_1,L10009_0",406.85666666666674,60,0.0,64.91333333333333,60,2,NaN
08:26:20,L10009,427.63,3,"L10009_2,L10009_1,L10009_0",406.85666666666674,60,0.0,64.91333333333333,60,2,NaN
08:26:22,L10009,427.63,3,"L10009_2,L10009_1,L10009_0",406.85666666666674,60,0.0,64.91333333333333,60,2,NaN
08:26:24,L10009,427.63,3,"L10009_2,L10009_1,L10009_0",406.85666666666674,60,0.0,64.91333333333333,60,2,NaN
08:26:26,L10009,427.63,3,"L10009_2,L10009_1,L10009_0",406.85666666666674,60,0.0,64.91333333333333,60,2,NaN
08:26:28,L10009,427.63,3,"L10009_2,L10009_1,L10009_0",406.85666666666674,60,0.0,64.91333333333333,60,2,NaN
08:26:30,L10009,427.63,3,"L10009_2,L10009_1,L10009_0",406.85666666666674,60,0.0,64.91333333333333,60,2,NaN
08:26:32,L10009,427.63,3,"L10009_2,L10009_1,L10009_0",406.85666666666674,60,0.0,64.91333333333333,60,2,NaN
08:26:34,L10009,427.63,3,"L10009_2,L10009_1,L10009_0",406.85666666666674,60,0.0,64.91333333333333,60,2,NaN
08:26:36,L10009,427.63,3,"L10009_2,L10009_1,L10009_0",406.85666666666674,60,0.0,64.91333333333333,60,2,NaN
08:26:38,L10009,427.63,3,"L10009_2,L10009_1,L10009_0",406.85666666666674,60,0.0,64.91333333333333,60,2,NaN
08:26:40,L10009,427.63,3,"L10009_2,L10009_1,L10009_0",406.85666666666674,60,0.0,64.91333333333333,60,2,NaN
08:26:42,L10009,427.63,3,"L10009_2,L10009_1,L10009_0",406.85666666666674,60,0.0,64.91333333333333,60,2,NaN
08:26:44,L10009,427.63,3,"L10009_2,L10009_1,L10009_0",406.85666666666674,60,0.0,64.91333333333333,60,2,NaN
08:26:46,L10009,427.63,3,"L10009_2,L10009_1,L10009_0",406.85666666666674,60,0.0,64.91333333333333,60,2,NaN
08:26:48,L10009,427.63,3,"L10009_2,L10009_1,L10009_0",406.85666666666674,60,0.0,64.91333333333333,60,2,NaN
08:26:50,L10009,427.63,3,"L10009_2,L10009_1,L10009_0",406.85666666666674,60,0.0,64.91333333333333,60,2,NaN
08:26:52,L10009,427.63,3,"L10009_2,L10009_1,L10009_0",406.85666666666674,60,0.0,64.91333333333333,60,2,NaN
08:26:54,L10009,427.63,3,"L10009_2,L10009_1,L10009_0",406.85666666666674,60,0.0,64.91333333333333,60,2,NaN
08:26:56,L10009,427.63,3,"L10009_2,L10009_1,L10009_0",406.85666666666674,60,0.0,64.91333333333333,60,2,NaN
08:26:58,L10009,427.63,3,"L10009_2,L10009_1,L10009_0",406.85666666666674,60,0.0,64.91333333333333,60,2,NaN
08:27:00,L10009,427.63,3,"L10009_2,L10009_1,L10009_0",406.85666666666674,60,0.0,64.91333333333333,60,2,NaN
08:27:02,L10009,427.63,3,"L10009_2,L10009_1,L10009_0",406.85666666666674,60,0.0,64.91333333333333,60,2,NaN
08:27:04,L10009,427.63,3,"L10009_2,L10009_1,L10009_0",406.85666666666674,60,0.0,64.91333333333333,60,2,NaN
08:27:06,L10009,427.63,3,"L10009_2,L10009_1,L10009_0",406.85666666666674,60,0.0,64.91333333333333,60,2,NaN
08:27:08,L10009,427.63,3,"L10009_2,L10009_1,L10009_0",406.85666666666674,60,0.0,64.91333333333333,60,2,NaN
08:27:10,L10009,427.63,3,"L10009_2,L10009_1,L10009_0",406.85666666666674,60,0.0,64.91333333333333,60,2,NaN
08:27:12,L10009,427.63,3,"L10009_2,L10009_1,L10009_0",406.85666666666674,60,0.0,64.91333333333333,60,2,NaN
08:27:14,L10009,427.63,3,"L10009_2,L10009_1,L10009_0",406.85666666666674,60,0.0,64.91333333333333,60,2,NaN
08:27:16,L10009,427.63,3,"L10009_2,L10009_1,L10009_0",406.85666666666674,60,0.0,64.91333333333333,60,2,NaN
08:27:18,L10009,427.63,3,"L10009_2,L10009_1,L10009_0",406.85666666666674,60,0.0,64.91333333333333,60,2,NaN
08:27:20,L10009,427.63,3,"L10009_2,L10009_1,L10009_0",406.85666666666674,60,0.0,64.91333333333333,60,2,NaN
08:27:22,L10009,427.63,3,"L10009_2,L10009_1,L10009_0",406.85666666666674,60,0.0,64.91333333333333,60,2,NaN
08:27:24,L10009,427.63,3,"L10009_2,L10009_1,L10009_0",406.85666666666674,60,0.0,64.91333333333333,60,2,NaN
08:27:26,L10009,427.63,3,"L10009_2,L10009_1,L10009_0",406.85666666666674,60,0.0,64.91333333333333,60,2,NaN
08:27:28,L10009,427.63,3,"L10009_2,L10009_1,L10009_0",406.85666666666674,60,0.0,64.91333333333333,60,2,NaN
08:27:30,L10009,427.63,3,"L10009_2,L10009_1,L10009_0",406.85666666666674,60,0.0,64.91333333333333,60,2,NaN
08:27:32,L10009,427.63,3,"L10009_2,L10009_1,L10009_0",406.85666666666674,60,0.0,64.91333333333333,60,2,NaN
08:27:34,L10009,427.63,3,"L10009_2,L10009_1,L10009_0",406.85666666666674,60,0.0,64.91333333333333,60,2,NaN
08:27:36,L10009,427.63,3,"L10009_2,L10009_1,L10009_0",406.85666666666674,60,0.0,64.91333333333333,60,2,NaN
08:27:38,L10009,427.63,3,"L10009_2,L10009_1,L10009_0",406.85666666666674,60,0.0,64.91333333333333,60,2,NaN
08:27:40,L10009,427.63,3,"L10009_2,L10009_1,L10009_0",406.85666666666674,60,0.0,64.91333333333333,60,2,NaN
08:27:42,L10009,427.63,3,"L10009_2,L10009_1,L10009_0",406.85666666666674,60,0.0,64.91333333333333,60,2,NaN
08:27:44,L10009,427.63,3,"L10009_2,L10009_1,L10009_0",406.85666666666674,60,0.0,64.91333333333333,60,2,NaN
08:27:46,L10009,427.63,3,"L10009_2,L10009_1,L10009_0",406.85666666666674,60,0.0,64.91333333333333,60,2,NaN
08:27:48,L10009,427.63,3,"L10009_2,L10009_1,L10009_0",406.85666666666674,60,0.0,64.91333333333333,60,2,NaN
08:27:50,L10009,427.63,3,"L10009_2,L10009_1,L10009_0",406.85666666666674,60,0.0,64.91333333333333,60,2,NaN
08:27:52,L10009,427.63,3,"L10009_2,L10009_1,L10009_0",406.85666666666674,60,0.0,64.91333333333333,60,2,NaN
08:27:54,L10009,427.63,3,"L10009_2,L10009_1,L10009_0",406.85666666666674,60,0.0,64.91333333333333,60,2,NaN
08:27:56,L10009,427.63,3,"L10009_2,L10009_1,L10009_0",406.85666666666674,60,0.0,64.91333333333333,60,2,NaN
08:27:58,L10009,427.63,3,"L10009_2,L10009_1,L10009_0",406.85666666666674,60,0.0,64.91333333333333,60,2,NaN
08:28:00,L10009,427.63,3,"L10009_2,L10009_1,L10009_0",406.85666666666674,60,0.0,64.91333333333333,60,2,NaN
08:28:02,L10009,427.63,3,"L10009_2,L10009_1,L10009_0",406.85666666666674,60,0.0,64.91333333333333,60,2,NaN
08:28:04,L10009,427.63,3,"L10009_2,L10009_1,L10009_0",406.85666666666674,60,0.0,64.91333333333333,60,2,NaN
08:28:06,L10009,427.63,3,"L10009_2,L10009_1,L10009_0",406.85666666666674,60,0.0,64.91333333333333,60,2,NaN
08:28:08,L10009,427.63,3,"L10009_2,L10009_1,L10009_0",406.85666666666674,60,0.0,64.91333333333333,60,2,NaN
08:28:10,L10009,427.63,3,"L10009_2,L10009_1,L10009_0",406.85666666666674,60,0.0,64.91333333333333,60,2,NaN
08:28:12,L10009,427.63,3,"L10009_2,L10009_1,L10009_0",406.85666666666674,60,0.0,64.91333333333333,60,2,NaN
08:28:14,L10009,427.63,3,"L10009_2,L10009_1,L10009_0",406.85666666666674,60,0.0,64.91333333333333,60,2,NaN
08:28:16,L10009,427.63,3,"L10009_2,L10009_1,L10009_0",406.85666666666674,60,0.0,64.91333333333333,60,2,NaN
08:28:18,L10009,427.63,3,"L10009_2,L10009_1,L10009_0",406.85666666666674,60,0.0,64.91333333333333,60,2,NaN
08:28:20,L10009,427.63,3,"L10009_2,L10009_1,L10009_0",406.85666666666674,60,0.0,64.91333333333333,60,2,NaN
08:28:22,L10009,427.63,3,"L10009_2,L10009_1,L10009_0",406.85666666666674,60,0.0,64.91333333333333,60,2,NaN
08:28:24,L10009,427.63,3,"L10009_2,L10009_1,L10009_0",406.85666666666674,60,0.0,64.91333333333333,60,2,NaN
08:28:26,L10009,427.63,3,"L10009_2,L10009_1,L10009_0",406.85666666666674,60,0.0,64.91333333333333,60,2,NaN
08:28:28,L10009,427.63,3,"L10009_2,L10009_1,L10009_0",406.85666666666674,60,0.0,64.91333333333333,60,2,NaN
08:28:30,L10009,427.63,3,"L10009_2,L10009_1,L10009_0",406.85666666666674,60,0.0,64.91333333333333,60,2,NaN
08:28:32,L10009,427.63,3,"L10009_2,L10009_1,L10009_0",406.85666666666674,60,0.0,64.91333333333333,60,2,NaN
08:28:34,L10009,427.63,3,"L10009_2,L10009_1,L10009_0",406.85666666666674,60,0.0,64.91333333333333,60,2,NaN
08:28:36,L10009,427.63,3,"L10009_2,L10009_1,L10009_0",406.85666666666674,60,0.0,64.91333333333333,60,2,NaN
08:28:38,L10009,427.63,3,"L10009_2,L10009_1,L10009_0",406.85666666666674,60,0.0,64.91333333333333,60,2,NaN
08:28:40,L10009,427.63,3,"L10009_2,L10009_1,L10009_0",406.85666666666674,60,0.0,64.91333333333333,60,2,NaN
08:28:42,L10009,427.63,3,"L10009_2,L10009_1,L10009_0",406.85666666666674,60,0.0,64.91333333333333,60,2,NaN
08:28:44,L10009,427.63,3,"L10009_2,L10009_1,L10009_0",406.85666666666674,60,0.0,64.91333333333333,60,2,NaN
08:28:46,L10009,427.63,3,"L10009_2,L10009_1,L10009_0",406.85666666666674,60,0.0,64.91333333333333,60,2,NaN
08:28:48,L10009,427.63,3,"L10009_2,L10009_1,L10009_0",406.85666666666674,60,0.0,64.91333333333333,60,2,NaN
08:28:50,L10009,427.63,3,"L10009_2,L10009_1,L10009_0",406.85666666666674,60,0.0,64.91333333333333,60,2,NaN
08:28:52,L10009,427.63,3,"L10009_2,L10009_1,L10009_0",406.85666666666674,60,0.0,64.91333333333333,60,2,NaN
08:28:54,L10009,427.63,3,"L10009_2,L10009_1,L10009_0",406.85666666666674,60,0.0,64.91333333333333,60,2,NaN
08:28:56,L10009,427.63,3,"L10009_2,L10009_1,L10009_0",406.85666666666674,60,0.0,64.91333333333333,60,2,NaN
08:28:58,L10009,427.63,3,"L10009_2,L10009_1,L10009_0",406.85666666666674,60,0.0,64.91333333333333,60,2,NaN
08:29:00,L10009,427.63,3,"L10009_2,L10009_1,L10009_0",406.85666666666674,60,0.0,64.91333333333333,60,2,NaN
08:29:02,L10009,427.63,3,"L10009_2,L10009_1,L10009_0",406.85666666666674,60,0.0,64.91333333333333,60,2,NaN
08:29:04,L10009,427.63,3,"L10009_2,L10009_1,L10009_0",406.85666666666674,60,0.0,64.91333333333333,60,2,NaN
08:29:06,L10009,427.63,3,"L10009_2,L10009_1,L10009_0",406.85666666666674,60,0.0,64.91333333333333,60,2,NaN
08:29:08,L10009,427.63,3,"L10009_2,L10009_1,L10009_0",406.85666666666674,60,0.0,64.91333333333333,60,2,NaN
08:29:10,L10009,427.63,3,"L10009_2,L10009_1,L10009_0",406.85666666666674,60,0.0,64.91333333333333,60,2,NaN
08:29:12,L10009,427.63,3,"L10009_2,L10009_1,L10009_0",406.85666666666674,60,0.0,64.91333333333333,60,2,NaN
08:29:14,L10009,427.63,3,"L10009_2,L10009_1,L10009_0",406.85666666666674,60,0.0,64.91333333333333,60,2,NaN
08:29:16,L10009,427.63,3,"L10009_2,L10009_1,L10009_0",406.85666666666674,60,0.0,64.91333333333333,60,2,NaN
08:29:18,L10009,427.63,3,"L10009_2,L10009_1,L10009_0",406.85666666666674,60,0.0,64.91333333333333,60,2,NaN
08:29:20,L10009,427.63,3,"L10009_2,L10009_1,L10009_0",406.85666666666674,60,0.0,64.91333333333333,60,2,NaN
08:29:22,L10009,427.63,3,"L10009_2,L10009_1,L10009_0",406.85666666666674,60,0.0,64.91333333333333,60,2,NaN
08:29:24,L10009,427.63,3,"L10009_2,L10009_1,L10009_0",406.85666666666674,60,0.0,64.91333333333333,60,2,NaN
08:29:26,L10009,427.63,3,"L10009_2,L10009_1,L10009_0",406.85666666666674,60,0.0,64.91333333333333,60,2,NaN
08:29:28,L10009,427.63,3,"L10009_2,L10009_1,L10009_0",406.85666666666674,60,0.0,64.91333333333333,60,2,NaN
08:29:30,L10009,427.63,3,"L10009_2,L10009_1,L10009_0",406.85666666666674,60,0.0,64.91333333333333,60,2,NaN
08:29:32,L10009,427.63,3,"L10009_2,L10009_1,L10009_0",406.85666666666674,60,0.0,64.91333333333333,60,2,NaN
08:29:34,L10009,427.63,3,"L10009_2,L10009_1,L10009_0",406.85666666666674,60,0.0,64.91333333333333,60,2,NaN
08:29:36,L10009,427.63,3,"L10009_2,L10009_1,L10009_0",406.85666666666674,60,0.0,64.91333333333333,60,2,NaN
08:29:38,L10009,427.63,3,"L10009_2,L10009_1,L10009_0",406.85666666666674,60,0.0,64.91333333333333,60,2,NaN
08:29:40,L10009,427.63,3,"L10009_2,L10009_1,L10009_0",406.85666666666674,60,0.0,64.91333333333333,60,2,NaN
08:29:42,L10009,427.63,3,"L10009_2,L10009_1,L10009_0",406.85666666666674,60,0.0,64.91333333333333,60,2,NaN
08:29:44,L10009,427.63,3,"L10009_2,L10009_1,L10009_0",406.85666666666674,60,0.0,64.91333333333333,60,2,NaN
08:29:46,L10009,427.63,3,"L10009_2,L10009_1,L10009_0",406.85666666666674,60,0.0,64.91333333333333,60,2,NaN
08:29:48,L10009,427.63,3,"L10009_2,L10009_1,L10009_0",406.85666666666674,60,0.0,64.91333333333333,60,2,NaN
08:29:50,L10009,427.63,3,"L10009_2,L10009_1,L10009_0",406.85666666666674,60,0.0,64.91333333333333,60,2,NaN
08:29:52,L10009,427.63,3,"L10009_2,L10009_1,L10009_0",406.85666666666674,60,0.0,64.91333333333333,60,2,NaN
08:29:54,L10009,427.63,3,"L10009_2,L10009_1,L10009_0",406.85666666666674,60,0.0,64.91333333333333,60,2,NaN
08:29:56,L10009,427.63,3,"L10009_2,L10009_1,L10009_0",406.85666666666674,60,0.0,64.91333333333333,60,2,NaN
08:29:58,L10009,427.63,3,"L10009_2,L10009_1,L10009_0",406.85666666666674,60,0.0,64.91333333333333,60,2,NaN
08:30:00,L10009,427.63,3,"L10009_2,L10009_1,L10009_0",406.85666666666674,60,0.0,64.91333333333333,60,2,NaN
08:30:02,L10009,427.63,3,"L10009_2,L10009_1,L10009_0",406.85666666666674,60,0.0,64.91333333333333,60,2,NaN
08:30:04,L10009,427.63,3,"L10009_2,L10009_1,L10009_0",406.85666666666674,60,0.0,64.91333333333333,60,2,NaN
08:30:06,L10009,427.63,3,"L10009_2,L10009_1,L10009_0",406.85666666666674,60,0.0,64.91333333333333,60,2,NaN
08:30:08,L10009,427.63,3,"L10009_2,L10009_1,L10009_0",406.85666666666674,60,0.0,64.91333333333333,60,2,NaN
08:30:10,L10009,427.63,3,"L10009_2,L10009_1,L10009_0",406.85666666666674,60,0.0,64.91333333333333,60,2,NaN
08:30:12,L10009,427.63,3,"L10009_2,L10009_1,L10009_0",406.85666666666674,60,0.0,64.91333333333333,60,2,NaN
08:30:14,L10009,427.63,3,"L10009_2,L10009_1,L10009_0",406.85666666666674,60,0.0,64.91333333333333,60,2,NaN
08:30:16,L10009,427.63,3,"L10009_2,L10009_1,L10009_0",406.85666666666674,60,0.0,64.91333333333333,60,2,NaN
08:30:18,L10009,427.63,3,"L10009_2,L10009_1,L10009_0",406.85666666666674,60,0.0,64.91333333333333,60,2,NaN
08:30:20,L10009,427.63,3,"L10009_2,L10009_1,L10009_0",406.85666666666674,60,0.0,64.91333333333333,60,2,NaN
08:30:22,L10009,427.63,3,"L10009_2,L10009_1,L10009_0",406.85666666666674,60,0.0,64.91333333333333,60,2,NaN
08:30:24,L10009,427.63,3,"L10009_2,L10009_1,L10009_0",406.85666666666674,60,0.0,64.91333333333333,60,2,NaN
08:30:26,L10009,427.63,3,"L10009_2,L10009_1,L10009_0",406.85666666666674,60,0.0,64.91333333333333,60,2,NaN
08:30:28,L10009,427.63,3,"L10009_2,L10009_1,L10009_0",406.85666666666674,60,0.0,64.91333333333333,60,2,NaN
08:30:30,L10009,427.63,3,"L10009_2,L10009_1,L10009_0",406.85666666666674,60,0.0,64.91333333333333,60,2,NaN
08:30:32,L10009,427.63,3,"L10009_2,L10009_1,L10009_0",406.85666666666674,60,0.0,64.91333333333333,60,2,NaN
08:30:34,L10009,427.63,3,"L10009_2,L10009_1,L10009_0",406.85666666666674,60,0.0,64.91333333333333,60,2,NaN
08:30:36,L10009,427.63,3,"L10009_2,L10009_1,L10009_0",406.85666666666674,60,0.0,64.91333333333333,60,2,NaN
08:30:38,L10009,427.63,3,"L10009_2,L10009_1,L10009_0",406.85666666666674,60,0.0,64.91333333333333,60,2,NaN
08:30:40,L10009,427.63,3,"L10009_2,L10009_1,L10009_0",406.85666666666674,60,0.0,64.91333333333333,60,2,NaN
08:30:42,L10009,427.63,3,"L10009_2,L10009_1,L10009_0",406.85666666666674,60,0.0,64.91333333333333,60,2,NaN
08:30:44,L10009,427.63,3,"L10009_2,L10009_1,L10009_0",406.85666666666674,60,0.0,64.91333333333333,60,2,NaN
08:30:46,L10009,427.63,3,"L10009_2,L10009_1,L10009_0",406.85666666666674,60,0.0,64.91333333333333,60,2,NaN
08:30:48,L10009,427.63,3,"L10009_2,L10009_1,L10009_0",406.85666666666674,60,0.0,64.91333333333333,60,2,NaN
08:30:50,L10009,427.63,3,"L10009_2,L10009_1,L10009_0",406.85666666666674,60,0.0,64.91333333333333,60,2,NaN
08:30:52,L10009,427.63,3,"L10009_2,L10009_1,L10009_0",406.85666666666674,60,0.0,64.91333333333333,60,2,NaN
08:30:54,L10009,427.63,3,"L10009_2,L10009_1,L10009_0",406.85666666666674,60,0.0,64.91333333333333,60,2,NaN
08:30:56,L10009,427.63,3,"L10009_2,L10009_1,L10009_0",406.85666666666674,60,0.0,64.91333333333333,60,2,NaN
08:30:58,L10009,427.63,3,"L10009_2,L10009_1,L10009_0",406.85666666666674,60,0.0,64.91333333333333,60,2,NaN
08:31:00,L10009,427.63,3,"L10009_2,L10009_1,L10009_0",406.85666666666674,60,0.0,64.91333333333333,60,2,NaN
08:31:02,L10009,427.63,3,"L10009_2,L10009_1,L10009_0",406.85666666666674,60,0.0,64.91333333333333,60,2,NaN
08:31:04,L10009,427.63,3,"L10009_2,L10009_1,L10009_0",406.85666666666674,60,0.0,64.91333333333333,60,2,NaN
08:31:06,L10009,427.63,3,"L10009_2,L10009_1,L10009_0",406.85666666666674,60,0.0,64.91333333333333,60,2,NaN
08:31:08,L10009,427.63,3,"L10009_2,L10009_1,L10009_0",406.85666666666674,60,0.0,64.91333333333333,60,2,NaN
08:31:10,L10009,427.63,3,"L10009_2,L10009_1,L10009_0",406.85666666666674,60,0.0,64.91333333333333,60,2,NaN
08:31:12,L10009,427.63,3,"L10009_2,L10009_1,L10009_0",406.85666666666674,60,0.0,64.91333333333333,60,2,NaN
08:31:14,L10009,427.63,3,"L10009_2,L10009_1,L10009_0",406.85666666666674,60,0.0,64.91333333333333,60,2,NaN
08:31:16,L10009,427.63,3,"L10009_2,L10009_1,L10009_0",406.85666666666674,60,0.0,64.91333333333333,60,2,NaN
08:31:18,L10009,427.63,3,"L10009_2,L10009_1,L10009_0",406.85666666666674,60,0.0,64.91333333333333,60,2,NaN
08:31:20,L10009,427.63,3,"L10009_2,L10009_1,L10009_0",406.85666666666674,60,0.0,64.91333333333333,60,2,NaN
08:31:22,L10009,427.63,3,"L10009_2,L10009_1,L10009_0",406.85666666666674,60,0.0,64.91333333333333,60,2,NaN
08:31:24,L10009,427.63,3,"L10009_2,L10009_1,L10009_0",406.85666666666674,60,0.0,64.91333333333333,60,2,NaN
08:31:26,L10009,427.63,3,"L10009_2,L10009_1,L10009_0",406.85666666666674,60,0.0,64.91333333333333,60,2,NaN
08:31:28,L10009,427.63,3,"L10009_2,L10009_1,L10009_0",406.85666666666674,60,0.0,64.91333333333333,60,2,NaN
08:31:30,L10009,427.63,3,"L10009_2,L10009_1,L10009_0",406.85666666666674,60,0.0,64.91333333333333,60,2,NaN
08:31:32,L10009,427.63,3,"L10009_2,L10009_1,L10009_0",406.85666666666674,60,0.0,64.91333333333333,60,2,NaN
08:31:34,L10009,427.63,3,"L10009_2,L10009_1,L10009_0",406.85666666666674,60,0.0,64.91333333333333,60,2,NaN
08:31:36,L10009,427.63,3,"L10009_2,L10009_1,L10009_0",406.85666666666674,60,0.0,64.91333333333333,60,2,NaN
08:31:38,L10009,427.63,3,"L10009_2,L10009_1,L10009_0",406.85666666666674,60,0.0,64.91333333333333,60,2,NaN
08:31:40,L10009,427.63,3,"L10009_2,L10009_1,L10009_0",406.85666666666674,60,0.0,64.91333333333333,60,2,NaN
08:31:42,L10009,427.63,3,"L10009_2,L10009_1,L10009_0",406.85666666666674,60,0.0,64.91333333333333,60,2,NaN
08:31:44,L10009,427.63,3,"L10009_2,L10009_1,L10009_0",406.85666666666674,60,0.0,64.91333333333333,60,2,NaN
08:31:46,L10009,427.63,3,"L10009_2,L10009_1,L10009_0",406.85666666666674,60,0.0,64.91333333333333,60,2,NaN
08:31:48,L10009,427.63,3,"L10009_2,L10009_1,L10009_0",406.85666666666674,60,0.0,64.91333333333333,60,2,NaN
08:31:50,L10009,427.63,3,"L10009_2,L10009_1,L10009_0",406.85666666666674,60,0.0,64.91333333333333,60,2,NaN
08:31:52,L10009,427.63,3,"L10009_2,L10009_1,L10009_0",406.85666666666674,60,0.0,64.91333333333333,60,2,NaN
08:31:54,L10009,427.63,3,"L10009_2,L10009_1,L10009_0",406.85666666666674,60,0.0,64.91333333333333,60,2,NaN
08:31:56,L10009,427.63,3,"L10009_2,L10009_1,L10009_0",406.85666666666674,60,0.0,64.91333333333333,60,2,NaN
08:31:58,L10009,427.63,3,"L10009_2,L10009_1,L10009_0",406.85666666666674,60,0.0,64.91333333333333,60,2,NaN
08:32:00,L10009,427.63,3,"L10009_2,L10009_1,L10009_0",406.85666666666674,60,0.0,64.91333333333333,60,2,NaN
08:32:02,L10009,427.63,3,"L10009_2,L10009_1,L10009_0",406.85666666666674,60,0.0,64.91333333333333,60,2,NaN
08:32:04,L10009,427.63,3,"L10009_2,L10009_1,L10009_0",406.85666666666674,60,0.0,64.91333333333333,60,2,NaN
08:32:06,L10009,427.63,3,"L10009_2,L10009_1,L10009_0",406.85666666666674,60,0.0,64.91333333333333,60,2,NaN
08:32:08,L10009,427.63,3,"L10009_2,L10009_1,L10009_0",406.85666666666674,60,0.0,64.91333333333333,60,2,NaN
08:32:10,L10009,427.63,3,"L10009_2,L10009_1,L10009_0",406.85666666666674,60,0.0,64.91333333333333,60,2,NaN
08:32:12,L10009,427.63,3,"L10009_2,L10009_1,L10009_0",406.85666666666674,60,0.0,64.91333333333333,60,2,NaN
08:32:14,L10009,427.63,3,"L10009_2,L10009_1,L10009_0",406.85666666666674,60,0.0,64.91333333333333,60,2,NaN
08:32:16,L10009,427.63,3,"L10009_2,L10009_1,L10009_0",406.85666666666674,60,0.0,64.91333333333333,60,2,NaN
08:32:18,L10009,427.63,3,"L10009_2,L10009_1,L10009_0",406.85666666666674,60,0.0,64.91333333333333,60,2,NaN
08:32:20,L10009,427.63,3,"L10009_2,L10009_1,L10009_0",406.85666666666674,60,0.0,64.91333333333333,60,2,NaN
08:32:22,L10009,427.63,3,"L10009_2,L10009_1,L10009_0",406.85666666666674,60,0.0,64.91333333333333,60,2,NaN
08:32:24,L10009,427.63,3,"L10009_2,L10009_1,L10009_0",406.85666666666674,60,0.0,64.91333333333333,60,2,NaN
08:32:26,L10009,427.63,3,"L10009_2,L10009_1,L10009_0",406.85666666666674,60,0.0,64.91333333333333,60,2,NaN
08:32:28,L10009,427.63,3,"L10009_2,L10009_1,L10009_0",406.85666666666674,60,0.0,64.91333333333333,60,2,NaN
08:32:30,L10009,427.63,3,"L10009_2,L10009_1,L10009_0",406.85666666666674,60,0.0,64.91333333333333,60,2,NaN
08:32:32,L10009,427.63,3,"L10009_2,L10009_1,L10009_0",406.85666666666674,60,0.0,64.91333333333333,60,2,NaN
08:32:34,L10009,427.63,3,"L10009_2,L10009_1,L10009_0",406.85666666666674,60,0.0,64.91333333333333,60,2,NaN
08:32:36,L10009,427.63,3,"L10009_2,L10009_1,L10009_0",406.85666666666674,60,0.0,64.91333333333333,60,2,NaN
08:32:38,L10009,427.63,3,"L10009_2,L10009_1,L10009_0",406.85666666666674,60,0.0,64.91333333333333,60,2,NaN
08:32:40,L10009,427.63,3,"L10009_2,L10009_1,L10009_0",406.85666666666674,60,0.0,64.91333333333333,60,2,NaN
08:32:42,L10009,427.63,3,"L10009_2,L10009_1,L10009_0",406.85666666666674,60,0.0,64.91333333333333,60,2,NaN
08:32:44,L10009,427.63,3,"L10009_2,L10009_1,L10009_0",406.85666666666674,60,0.0,64.91333333333333,60,2,NaN
08:32:46,L10009,427.63,3,"L10009_2,L10009_1,L10009_0",406.85666666666674,60,0.0,64.91333333333333,60,2,NaN
08:32:48,L10009,427.63,3,"L10009_2,L10009_1,L10009_0",406.85666666666674,60,0.0,64.91333333333333,60,2,NaN
08:32:50,L10009,427.63,3,"L10009_2,L10009_1,L10009_0",406.85666666666674,60,0.0,64.91333333333333,60,2,NaN
08:32:52,L10009,427.63,3,"L10009_2,L10009_1,L10009_0",406.85666666666674,60,0.0,64.91333333333333,60,2,NaN
08:32:54,L10009,427.63,3,"L10009_2,L10009_1,L10009_0",406.85666666666674,60,0.0,64.91333333333333,60,2,NaN
08:32:56,L10009,427.63,3,"L10009_2,L10009_1,L10009_0",406.85666666666674,60,0.0,64.91333333333333,60,2,NaN
08:32:58,L10009,427.63,3,"L10009_2,L10009_1,L10009_0",406.85666666666674,60,0.0,64.91333333333333,60,2,NaN
08:33:00,L10009,427.63,3,"L10009_2,L10009_1,L10009_0",406.85666666666674,60,0.0,64.91333333333333,60,2,NaN
08:33:02,L10009,427.63,3,"L10009_2,L10009_1,L10009_0",406.85666666666674,60,0.0,64.91333333333333,60,2,NaN
08:33:04,L10009,427.63,3,"L10009_2,L10009_1,L10009_0",406.85666666666674,60,0.0,64.91333333333333,60,2,NaN
08:33:06,L10009,427.63,3,"L10009_2,L10009_1,L10009_0",406.85666666666674,60,0.0,64.91333333333333,60,2,NaN
08:33:08,L10009,427.63,3,"L10009_2,L10009_1,L10009_0",406.85666666666674,60,0.0,64.91333333333333,60,2,NaN
08:33:10,L10009,427.63,3,"L10009_2,L10009_1,L10009_0",406.85666666666674,60,0.0,64.91333333333333,60,2,NaN
08:33:12,L10009,427.63,3,"L10009_2,L10009_1,L10009_0",406.85666666666674,60,0.0,64.91333333333333,60,2,NaN
08:33:14,L10009,427.63,3,"L10009_2,L10009_1,L10009_0",406.85666666666674,60,0.0,64.91333333333333,60,2,NaN
08:33:16,L10009,427.63,3,"L10009_2,L10009_1,L10009_0",406.85666666666674,60,0.0,64.91333333333333,60,2,NaN
08:33:18,L10009,427.63,3,"L10009_2,L10009_1,L10009_0",406.85666666666674,60,0.0,64.91333333333333,60,2,NaN
08:33:20,L10009,427.63,3,"L10009_2,L10009_1,L10009_0",406.85666666666674,60,0.0,64.91333333333333,60,2,NaN
08:33:22,L10009,427.63,3,"L10009_2,L10009_1,L10009_0",406.85666666666674,60,0.0,64.91333333333333,60,2,NaN
08:33:24,L10009,427.63,3,"L10009_2,L10009_1,L10009_0",406.85666666666674,60,0.0,64.91333333333333,60,2,NaN
08:33:26,L10009,427.63,3,"L10009_2,L10009_1,L10009_0",406.85666666666674,60,0.0,64.91333333333333,60,2,NaN
08:33:28,L10009,427.63,3,"L10009_2,L10009_1,L10009_0",406.85666666666674,60,0.0,64.91333333333333,60,2,NaN
08:33:30,L10009,427.63,3,"L10009_2,L10009_1,L10009_0",406.85666666666674,60,0.0,64.91333333333333,60,2,NaN
08:33:32,L10009,427.63,3,"L10009_2,L10009_1,L10009_0",406.85666666666674,60,0.0,64.91333333333333,60,2,NaN
08:33:34,L10009,427.63,3,"L10009_2,L10009_1,L10009_0",406.85666666666674,60,0.0,64.91333333333333,60,2,NaN
08:33:36,L10009,427.63,3,"L10009_2,L10009_1,L10009_0",406.85666666666674,60,0.0,64.91333333333333,60,2,NaN
08:33:38,L10009,427.63,3,"L10009_2,L10009_1,L10009_0",406.85666666666674,60,0.0,64.91333333333333,60,2,NaN
08:33:40,L10009,427.63,3,"L10009_2,L10009_1,L10009_0",406.85666666666674,60,0.0,64.91333333333333,60,2,NaN
08:33:42,L10009,427.63,3,"L10009_2,L10009_1,L10009_0",406.85666666666674,60,0.0,64.91333333333333,60,2,NaN
08:33:44,L10009,427.63,3,"L10009_2,L10009_1,L10009_0",406.85666666666674,60,0.0,64.91333333333333,60,2,NaN
08:33:46,L10009,427.63,3,"L10009_2,L10009_1,L10009_0",406.85666666666674,60,0.0,64.91333333333333,60,2,NaN
08:33:48,L10009,427.63,3,"L10009_2,L10009_1,L10009_0",406.85666666666674,60,0.0,64.91333333333333,60,2,NaN
08:33:50,L10009,427.63,3,"L10009_2,L10009_1,L10009_0",406.85666666666674,60,0.0,64.91333333333333,60,2,NaN
08:33:52,L10009,427.63,3,"L10009_2,L10009_1,L10009_0",406.85666666666674,60,0.0,64.91333333333333,60,2,NaN
08:33:54,L10009,427.63,3,"L10009_2,L10009_1,L10009_0",406.85666666666674,60,0.0,64.91333333333333,60,2,NaN
08:33:56,L10009,427.63,3,"L10009_2,L10009_1,L10009_0",406.85666666666674,60,0.0,64.91333333333333,60,2,NaN
08:33:58,L10009,427.63,3,"L10009_2,L10009_1,L10009_0",406.85666666666674,60,0.0,64.91333333333333,60,2,NaN
08:34:00,L10009,427.63,3,"L10009_2,L10009_1,L10009_0",406.85666666666674,60,0.0,64.91333333333333,60,2,NaN
08:34:02,L10009,427.63,3,"L10009_2,L10009_1,L10009_0",406.85666666666674,60,0.0,64.91333333333333,60,2,NaN
08:34:04,L10009,427.63,3,"L10009_2,L10009_1,L10009_0",406.85666666666674,60,0.0,64.91333333333333,60,2,NaN
08:34:06,L10009,427.63,3,"L10009_2,L10009_1,L10009_0",406.85666666666674,60,0.0,64.91333333333333,60,2,NaN
08:34:08,L10009,427.63,3,"L10009_2,L10009_1,L10009_0",406.85666666666674,60,0.0,64.91333333333333,60,2,NaN
08:34:10,L10009,427.63,3,"L10009_2,L10009_1,L10009_0",406.85666666666674,60,0.0,64.91333333333333,60,2,NaN
08:34:12,L10009,427.63,3,"L10009_2,L10009_1,L10009_0",406.85666666666674,60,0.0,64.91333333333333,60,2,NaN
08:34:14,L10009,427.63,3,"L10009_2,L10009_1,L10009_0",406.85666666666674,60,0.0,64.91333333333333,60,2,NaN
08:34:16,L10009,427.63,3,"L10009_2,L10009_1,L10009_0",406.85666666666674,60,0.0,64.91333333333333,60,2,NaN
08:34:18,L10009,427.63,3,"L10009_2,L10009_1,L10009_0",406.85666666666674,60,0.0,64.91333333333333,60,2,NaN
08:34:20,L10009,427.63,3,"L10009_2,L10009_1,L10009_0",406.85666666666674,60,0.0,64.91333333333333,60,2,NaN
08:34:22,L10009,427.63,3,"L10009_2,L10009_1,L10009_0",406.85666666666674,60,0.0,64.91333333333333,60,2,NaN
08:34:24,L10009,427.63,3,"L10009_2,L10009_1,L10009_0",406.85666666666674,60,0.0,64.91333333333333,60,2,NaN
08:34:26,L10009,427.63,3,"L10009_2,L10009_1,L10009_0",406.85666666666674,60,0.0,64.91333333333333,60,2,NaN
08:34:28,L10009,427.63,3,"L10009_2,L10009_1,L10009_0",406.85666666666674,60,0.0,64.91333333333333,60,2,NaN
08:34:30,L10009,427.63,3,"L10009_2,L10009_1,L10009_0",406.85666666666674,60,0.0,64.91333333333333,60,2,NaN
08:34:32,L10009,427.63,3,"L10009_2,L10009_1,L10009_0",406.85666666666674,60,0.0,64.91333333333333,60,2,NaN
08:34:34,L10009,427.63,3,"L10009_2,L10009_1,L10009_0",406.85666666666674,60,0.0,64.91333333333333,60,2,NaN
08:34:36,L10009,427.63,3,"L10009_2,L10009_1,L10009_0",406.85666666666674,60,0.0,64.91333333333333,60,2,NaN
08:34:38,L10009,427.63,3,"L10009_2,L10009_1,L10009_0",406.85666666666674,60,0.0,64.91333333333333,60,2,NaN
08:34:40,L10009,427.63,3,"L10009_2,L10009_1,L10009_0",406.85666666666674,60,0.0,64.91333333333333,60,2,NaN
08:34:42,L10009,427.63,3,"L10009_2,L10009_1,L10009_0",406.85666666666674,60,0.0,64.91333333333333,60,2,NaN
08:34:44,L10009,427.63,3,"L10009_2,L10009_1,L10009_0",406.85666666666674,60,0.0,64.91333333333333,60,2,NaN
08:34:46,L10009,427.63,3,"L10009_2,L10009_1,L10009_0",406.85666666666674,60,0.0,64.91333333333333,60,2,NaN
08:34:48,L10009,427.63,3,"L10009_2,L10009_1,L10009_0",406.85666666666674,60,0.0,64.91333333333333,60,2,NaN
08:34:50,L10009,427.63,3,"L10009_2,L10009_1,L10009_0",406.85666666666674,60,0.0,64.91333333333333,60,2,NaN
08:34:52,L10009,427.63,3,"L10009_2,L10009_1,L10009_0",406.85666666666674,60,0.0,64.91333333333333,60,2,NaN
08:34:54,L10009,427.63,3,"L10009_2,L10009_1,L10009_0",406.85666666666674,60,0.0,64.91333333333333,60,2,NaN
08:34:56,L10009,427.63,3,"L10009_2,L10009_1,L10009_0",406.85666666666674,60,0.0,64.91333333333333,60,2,NaN
08:34:58,L10009,427.63,3,"L10009_2,L10009_1,L10009_0",406.85666666666674,60,0.0,64.91333333333333,60,2,NaN
08:35:00,L10009,427.63,3,"L10009_2,L10009_1,L10009_0",406.85666666666674,60,0.0,64.91333333333333,60,2,NaN
08:35:02,L10009,427.63,3,"L10009_2,L10009_1,L10009_0",406.85666666666674,60,0.0,64.91333333333333,60,2,NaN
08:35:04,L10009,427.63,3,"L10009_2,L10009_1,L10009_0",406.85666666666674,60,0.0,64.91333333333333,60,2,NaN
08:35:06,L10009,427.63,3,"L10009_2,L10009_1,L10009_0",406.85666666666674,60,0.0,64.91333333333333,60,2,NaN
08:35:08,L10009,427.63,3,"L10009_2,L10009_1,L10009_0",406.85666666666674,60,0.0,64.91333333333333,60,2,NaN
08:35:10,L10009,427.63,3,"L10009_2,L10009_1,L10009_0",406.85666666666674,60,0.0,64.91333333333333,60,2,NaN
08:35:12,L10009,427.63,3,"L10009_2,L10009_1,L10009_0",406.85666666666674,60,0.0,64.91333333333333,60,2,NaN
08:35:14,L10009,427.63,3,"L10009_2,L10009_1,L10009_0",406.85666666666674,60,0.0,64.91333333333333,60,2,NaN
08:35:16,L10009,427.63,3,"L10009_2,L10009_1,L10009_0",406.85666666666674,60,0.0,64.91333333333333,60,2,NaN
08:35:18,L10009,427.63,3,"L10009_2,L10009_1,L10009_0",406.85666666666674,60,0.0,64.91333333333333,60,2,NaN
08:35:20,L10009,427.63,3,"L10009_2,L10009_1,L10009_0",406.85666666666674,60,0.0,64.91333333333333,60,2,NaN
08:35:22,L10009,427.63,3,"L10009_2,L10009_1,L10009_0",406.85666666666674,60,0.0,64.91333333333333,60,2,NaN
08:35:24,L10009,427.63,3,"L10009_2,L10009_1,L10009_0",406.85666666666674,60,0.0,64.91333333333333,60,2,NaN
08:35:26,L10009,427.63,3,"L10009_2,L10009_1,L10009_0",406.85666666666674,60,0.0,64.91333333333333,60,2,NaN
08:35:28,L10009,427.63,3,"L10009_2,L10009_1,L10009_0",406.85666666666674,60,0.0,64.91333333333333,60,2,NaN
08:35:30,L10009,427.63,3,"L10009_2,L10009_1,L10009_0",406.85666666666674,60,0.0,64.91333333333333,60,2,NaN
08:35:32,L10009,427.63,3,"L10009_2,L10009_1,L10009_0",406.85666666666674,60,0.0,64.91333333333333,60,2,NaN
08:35:34,L10009,427.63,3,"L10009_2,L10009_1,L10009_0",406.85666666666674,60,0.0,64.91333333333333,60,2,NaN
08:35:36,L10009,427.63,3,"L10009_2,L10009_1,L10009_0",406.85666666666674,60,0.0,64.91333333333333,60,2,NaN
08:35:38,L10009,427.63,3,"L10009_2,L10009_1,L10009_0",406.85666666666674,60,0.0,64.91333333333333,60,2,NaN
08:35:40,L10009,427.63,3,"L10009_2,L10009_1,L10009_0",406.85666666666674,60,0.0,64.91333333333333,60,2,NaN
08:35:42,L10009,427.63,3,"L10009_2,L10009_1,L10009_0",406.85666666666674,60,0.0,64.91333333333333,60,2,NaN
08:35:44,L10009,427.63,3,"L10009_2,L10009_1,L10009_0",406.85666666666674,60,0.0,64.91333333333333,60,2,NaN
08:35:46,L10009,427.63,3,"L10009_2,L10009_1,L10009_0",406.85666666666674,60,0.0,64.91333333333333,60,2,NaN
08:35:48,L10009,427.63,3,"L10009_2,L10009_1,L10009_0",406.85666666666674,60,0.0,64.91333333333333,60,2,NaN
08:35:50,L10009,427.63,3,"L10009_2,L10009_1,L10009_0",406.85666666666674,60,0.0,64.91333333333333,60,2,NaN
08:35:52,L10009,427.63,3,"L10009_2,L10009_1,L10009_0",406.85666666666674,60,0.0,64.91333333333333,60,2,NaN
08:35:54,L10009,427.63,3,"L10009_2,L10009_1,L10009_0",406.85666666666674,60,0.0,64.91333333333333,60,2,NaN
08:35:56,L10009,427.63,3,"L10009_2,L10009_1,L10009_0",406.85666666666674,60,0.0,64.91333333333333,60,2,NaN
08:35:58,L10009,427.63,3,"L10009_2,L10009_1,L10009_0",406.85666666666674,60,0.0,64.91333333333333,60,2,NaN
08:36:00,L10009,427.63,3,"L10009_2,L10009_1,L10009_0",406.85666666666674,60,0.0,64.91333333333333,60,2,NaN
08:36:02,L10009,427.63,3,"L10009_2,L10009_1,L10009_0",406.85666666666674,60,0.0,64.91333333333333,60,2,NaN
08:36:04,L10009,427.63,3,"L10009_2,L10009_1,L10009_0",406.85666666666674,60,0.0,64.91333333333333,60,2,NaN
08:36:06,L10009,427.63,3,"L10009_2,L10009_1,L10009_0",406.85666666666674,60,0.0,64.91333333333333,60,2,NaN
08:36:08,L10009,427.63,3,"L10009_2,L10009_1,L10009_0",406.85666666666674,60,0.0,64.91333333333333,60,2,NaN
08:36:10,L10009,427.63,3,"L10009_2,L10009_1,L10009_0",406.85666666666674,60,0.0,64.91333333333333,60,2,NaN
08:36:12,L10009,427.63,3,"L10009_2,L10009_1,L10009_0",406.85666666666674,60,0.0,64.91333333333333,60,2,NaN
08:36:14,L10009,427.63,3,"L10009_2,L10009_1,L10009_0",406.85666666666674,60,0.0,64.91333333333333,60,2,NaN
08:36:16,L10009,427.63,3,"L10009_2,L10009_1,L10009_0",406.85666666666674,60,0.0,64.91333333333333,60,2,NaN
08:36:18,L10009,427.63,3,"L10009_2,L10009_1,L10009_0",406.85666666666674,60,0.0,64.91333333333333,60,2,NaN
08:36:20,L10009,427.63,3,"L10009_2,L10009_1,L10009_0",406.85666666666674,60,0.0,64.91333333333333,60,2,NaN
08:36:22,L10009,427.63,3,"L10009_2,L10009_1,L10009_0",406.85666666666674,60,0.0,64.91333333333333,60,2,NaN
08:36:24,L10009,427.63,3,"L10009_2,L10009_1,L10009_0",406.85666666666674,60,0.0,64.91333333333333,60,2,NaN
08:36:26,L10009,427.63,3,"L10009_2,L10009_1,L10009_0",406.85666666666674,60,0.0,64.91333333333333,60,2,NaN
08:36:28,L10009,427.63,3,"L10009_2,L10009_1,L10009_0",406.85666666666674,60,0.0,64.91333333333333,60,2,NaN
08:36:30,L10009,427.63,3,"L10009_2,L10009_1,L10009_0",406.85666666666674,60,0.0,64.91333333333333,60,2,NaN
08:36:32,L10009,427.63,3,"L10009_2,L10009_1,L10009_0",406.85666666666674,60,0.0,64.91333333333333,60,2,NaN
08:36:34,L10009,427.63,3,"L10009_2,L10009_1,L10009_0",406.85666666666674,60,0.0,64.91333333333333,60,2,NaN
08:36:36,L10009,427.63,3,"L10009_2,L10009_1,L10009_0",406.85666666666674,60,0.0,64.91333333333333,60,2,NaN
08:36:38,L10009,427.63,3,"L10009_2,L10009_1,L10009_0",406.85666666666674,60,0.0,64.91333333333333,60,2,NaN
08:36:40,L10009,427.63,3,"L10009_2,L10009_1,L10009_0",406.85666666666674,60,0.0,64.91333333333333,60,2,NaN
08:36:42,L10009,427.63,3,"L10009_2,L10009_1,L10009_0",406.85666666666674,60,0.0,64.91333333333333,60,2,NaN
08:36:44,L10009,427.63,3,"L10009_2,L10009_1,L10009_0",406.85666666666674,60,0.0,64.91333333333333,60,2,NaN
08:36:46,L10009,427.63,3,"L10009_2,L10009_1,L10009_0",406.85666666666674,60,0.0,64.91333333333333,60,2,NaN
08:36:48,L10009,427.63,3,"L10009_2,L10009_1,L10009_0",406.85666666666674,60,0.0,64.91333333333333,60,2,NaN
08:36:50,L10009,427.63,3,"L10009_2,L10009_1,L10009_0",406.85666666666674,60,0.0,64.91333333333333,60,2,NaN
08:36:52,L10009,427.63,3,"L10009_2,L10009_1,L10009_0",406.85666666666674,60,0.0,64.91333333333333,60,2,NaN
08:36:54,L10009,427.63,3,"L10009_2,L10009_1,L10009_0",406.85666666666674,60,0.0,64.91333333333333,60,2,NaN
08:36:56,L10009,427.63,3,"L10009_2,L10009_1,L10009_0",406.85666666666674,60,0.0,64.91333333333333,60,2,NaN
08:36:58,L10009,427.63,3,"L10009_2,L10009_1,L10009_0",406.85666666666674,60,0.0,64.91333333333333,60,2,NaN
08:37:00,L10009,427.63,3,"L10009_2,L10009_1,L10009_0",406.85666666666674,60,0.0,64.91333333333333,60,2,NaN
08:37:02,L10009,427.63,3,"L10009_2,L10009_1,L10009_0",406.85666666666674,60,0.0,64.91333333333333,60,2,NaN
08:37:04,L10009,427.63,3,"L10009_2,L10009_1,L10009_0",406.85666666666674,60,0.0,64.91333333333333,60,2,NaN
08:37:06,L10009,427.63,3,"L10009_2,L10009_1,L10009_0",406.85666666666674,60,0.0,64.91333333333333,60,2,NaN
08:37:08,L10009,427.63,3,"L10009_2,L10009_1,L10009_0",406.85666666666674,60,0.0,64.91333333333333,60,2,NaN
08:37:10,L10009,427.63,3,"L10009_2,L10009_1,L10009_0",406.85666666666674,60,0.0,64.91333333333333,60,2,NaN
08:37:12,L10009,427.63,3,"L10009_2,L10009_1,L10009_0",406.85666666666674,60,0.0,64.91333333333333,60,2,NaN
08:37:14,L10009,427.63,3,"L10009_2,L10009_1,L10009_0",406.85666666666674,60,0.0,64.91333333333333,60,2,NaN
08:37:16,L10009,427.63,3,"L10009_2,L10009_1,L10009_0",406.85666666666674,60,0.0,64.91333333333333,60,2,NaN
08:37:18,L10009,427.63,3,"L10009_2,L10009_1,L10009_0",406.85666666666674,60,0.0,64.91333333333333,60,2,NaN
08:37:20,L10009,427.63,3,"L10009_2,L10009_1,L10009_0",406.85666666666674,60,0.0,64.91333333333333,60,2,NaN
08:37:22,L10009,427.63,3,"L10009_2,L10009_1,L10009_0",406.85666666666674,60,0.0,64.91333333333333,60,2,NaN
08:37:24,L10009,427.63,3,"L10009_2,L10009_1,L10009_0",406.85666666666674,60,0.0,64.91333333333333,60,2,NaN
08:37:26,L10009,427.63,3,"L10009_2,L10009_1,L10009_0",406.85666666666674,60,0.0,64.91333333333333,60,2,NaN
08:37:28,L10009,427.63,3,"L10009_2,L10009_1,L10009_0",406.85666666666674,60,0.0,64.91333333333333,60,2,NaN
08:37:30,L10009,427.63,3,"L10009_2,L10009_1,L10009_0",406.85666666666674,60,0.0,64.91333333333333,60,2,NaN
08:37:32,L10009,427.63,3,"L10009_2,L10009_1,L10009_0",406.85666666666674,60,0.0,64.91333333333333,60,2,NaN
08:37:34,L10009,427.63,3,"L10009_2,L10009_1,L10009_0",406.85666666666674,60,0.0,64.91333333333333,60,2,NaN
08:37:36,L10009,427.63,3,"L10009_2,L10009_1,L10009_0",406.85666666666674,60,0.0,64.91333333333333,60,2,NaN
08:37:38,L10009,427.63,3,"L10009_2,L10009_1,L10009_0",406.85666666666674,60,0.0,64.91333333333333,60,2,NaN
08:37:40,L10009,427.63,3,"L10009_2,L10009_1,L10009_0",406.85666666666674,60,0.0,64.91333333333333,60,2,NaN
08:37:42,L10009,427.63,3,"L10009_2,L10009_1,L10009_0",406.85666666666674,60,0.0,64.91333333333333,60,2,NaN
08:37:44,L10009,427.63,3,"L10009_2,L10009_1,L10009_0",406.85666666666674,60,0.0,64.91333333333333,60,2,NaN
08:37:46,L10009,427.63,3,"L10009_2,L10009_1,L10009_0",406.85666666666674,60,0.0,64.91333333333333,60,2,NaN
08:37:48,L10009,427.63,3,"L10009_2,L10009_1,L10009_0",406.85666666666674,60,0.0,64.91333333333333,60,2,NaN
08:37:50,L10009,427.63,3,"L10009_2,L10009_1,L10009_0",406.85666666666674,60,0.0,64.91333333333333,60,2,NaN
08:37:52,L10009,427.63,3,"L10009_2,L10009_1,L10009_0",406.85666666666674,60,0.0,64.91333333333333,60,2,NaN
08:37:54,L10009,427.63,3,"L10009_2,L10009_1,L10009_0",406.85666666666674,60,0.0,64.91333333333333,60,2,NaN
08:37:56,L10009,427.63,3,"L10009_2,L10009_1,L10009_0",406.85666666666674,60,0.0,64.91333333333333,60,2,NaN
08:37:58,L10009,427.63,3,"L10009_2,L10009_1,L10009_0",406.85666666666674,60,0.0,64.91333333333333,60,2,NaN
08:38:00,L10009,427.63,3,"L10009_2,L10009_1,L10009_0",406.85666666666674,60,0.0,64.91333333333333,60,2,NaN
08:38:02,L10009,427.63,3,"L10009_2,L10009_1,L10009_0",406.85666666666674,60,0.0,64.91333333333333,60,2,NaN
08:38:04,L10009,427.63,3,"L10009_2,L10009_1,L10009_0",406.85666666666674,60,0.0,64.91333333333333,60,2,NaN
08:38:06,L10009,427.63,3,"L10009_2,L10009_1,L10009_0",406.85666666666674,60,0.0,64.91333333333333,60,2,NaN
08:38:08,L10009,427.63,3,"L10009_2,L10009_1,L10009_0",406.85666666666674,60,0.0,64.91333333333333,60,2,NaN
08:38:10,L10009,427.63,3,"L10009_2,L10009_1,L10009_0",406.85666666666674,60,0.0,64.91333333333333,60,2,NaN
08:38:12,L10009,427.63,3,"L10009_2,L10009_1,L10009_0",406.85666666666674,60,0.0,64.91333333333333,60,2,NaN
08:38:14,L10009,427.63,3,"L10009_2,L10009_1,L10009_0",406.85666666666674,60,0.0,64.91333333333333,60,2,NaN
08:38:16,L10009,427.63,3,"L10009_2,L10009_1,L10009_0",406.85666666666674,60,0.0,64.91333333333333,60,2,NaN
08:38:18,L10009,427.63,3,"L10009_2,L10009_1,L10009_0",406.85666666666674,60,0.0,64.91333333333333,60,2,NaN
08:38:20,L10009,427.63,3,"L10009_2,L10009_1,L10009_0",406.85666666666674,60,0.0,64.91333333333333,60,2,NaN
08:38:22,L10009,427.63,3,"L10009_2,L10009_1,L10009_0",406.85666666666674,60,0.0,64.91333333333333,60,2,NaN
08:38:24,L10009,427.63,3,"L10009_2,L10009_1,L10009_0",406.85666666666674,60,0.0,64.91333333333333,60,2,NaN
08:38:26,L10009,427.63,3,"L10009_2,L10009_1,L10009_0",406.85666666666674,60,0.0,64.91333333333333,60,2,NaN
08:38:28,L10009,427.63,3,"L10009_2,L10009_1,L10009_0",406.85666666666674,60,0.0,64.91333333333333,60,2,NaN
08:38:30,L10009,427.63,3,"L10009_2,L10009_1,L10009_0",406.85666666666674,60,0.0,64.91333333333333,60,2,NaN
08:38:32,L10009,427.63,3,"L10009_2,L10009_1,L10009_0",406.85666666666674,60,0.0,64.91333333333333,60,2,NaN
08:38:34,L10009,427.63,3,"L10009_2,L10009_1,L10009_0",406.85666666666674,60,0.0,64.91333333333333,60,2,NaN
08:38:36,L10009,427.63,3,"L10009_2,L10009_1,L10009_0",406.85666666666674,60,0.0,64.91333333333333,60,2,NaN
08:38:38,L10009,427.63,3,"L10009_2,L10009_1,L10009_0",406.85666666666674,60,0.0,64.91333333333333,60,2,NaN
08:38:40,L10009,427.63,3,"L10009_2,L10009_1,L10009_0",406.85666666666674,60,0.0,64.91333333333333,60,2,NaN
08:38:42,L10009,427.63,3,"L10009_2,L10009_1,L10009_0",406.85666666666674,60,0.0,64.91333333333333,60,2,NaN
08:38:44,L10009,427.63,3,"L10009_2,L10009_1,L10009_0",406.85666666666674,60,0.0,64.91333333333333,60,2,NaN
08:38:46,L10009,427.63,3,"L10009_2,L10009_1,L10009_0",406.85666666666674,60,0.0,64.91333333333333,60,2,NaN
08:38:48,L10009,427.63,3,"L10009_2,L10009_1,L10009_0",406.85666666666674,60,0.0,64.91333333333333,60,2,NaN
08:38:50,L10009,427.63,3,"L10009_2,L10009_1,L10009_0",406.85666666666674,60,0.0,64.91333333333333,60,2,NaN
08:38:52,L10009,427.63,3,"L10009_2,L10009_1,L10009_0",406.85666666666674,60,0.0,64.91333333333333,60,2,NaN
08:38:54,L10009,427.63,3,"L10009_2,L10009_1,L10009_0",406.85666666666674,60,0.0,64.91333333333333,60,2,NaN
08:38:56,L10009,427.63,3,"L10009_2,L10009_1,L10009_0",406.85666666666674,60,0.0,64.91333333333333,60,2,NaN
08:38:58,L10009,427.63,3,"L10009_2,L10009_1,L10009_0",406.85666666666674,60,0.0,64.91333333333333,60,2,NaN
08:39:00,L10009,427.63,3,"L10009_2,L10009_1,L10009_0",406.85666666666674,60,0.0,64.91333333333333,60,2,NaN
08:39:02,L10009,427.63,3,"L10009_2,L10009_1,L10009_0",406.85666666666674,60,0.0,64.91333333333333,60,2,NaN
08:39:04,L10009,427.63,3,"L10009_2,L10009_1,L10009_0",406.85666666666674,60,0.0,64.91333333333333,60,2,NaN
08:39:06,L10009,427.63,3,"L10009_2,L10009_1,L10009_0",406.85666666666674,60,0.0,64.91333333333333,60,2,NaN
08:39:08,L10009,427.63,3,"L10009_2,L10009_1,L10009_0",406.85666666666674,60,0.0,64.91333333333333,60,2,NaN
08:39:10,L10009,427.63,3,"L10009_2,L10009_1,L10009_0",406.85666666666674,60,0.0,64.91333333333333,60,2,NaN
08:39:12,L10009,427.63,3,"L10009_2,L10009_1,L10009_0",406.85666666666674,60,0.0,64.91333333333333,60,2,NaN
08:39:14,L10009,427.63,3,"L10009_2,L10009_1,L10009_0",406.85666666666674,60,0.0,64.91333333333333,60,2,NaN
08:39:16,L10009,427.63,3,"L10009_2,L10009_1,L10009_0",406.85666666666674,60,0.0,64.91333333333333,60,2,NaN
08:39:18,L10009,427.63,3,"L10009_2,L10009_1,L10009_0",406.85666666666674,60,0.0,64.91333333333333,60,2,NaN
08:39:20,L10009,427.63,3,"L10009_2,L10009_1,L10009_0",406.85666666666674,60,0.0,64.91333333333333,60,2,NaN
08:39:22,L10009,427.63,3,"L10009_2,L10009_1,L10009_0",406.85666666666674,60,0.0,64.91333333333333,60,2,NaN
08:39:24,L10009,427.63,3,"L10009_2,L10009_1,L10009_0",406.85666666666674,60,0.0,64.91333333333333,60,2,NaN
08:39:26,L10009,427.63,3,"L10009_2,L10009_1,L10009_0",406.85666666666674,60,0.0,64.91333333333333,60,2,NaN
08:39:28,L10009,427.63,3,"L10009_2,L10009_1,L10009_0",406.85666666666674,60,0.0,64.91333333333333,60,2,NaN
08:39:30,L10009,427.63,3,"L10009_2,L10009_1,L10009_0",406.85666666666674,60,0.0,64.91333333333333,60,2,NaN
08:39:32,L10009,427.63,3,"L10009_2,L10009_1,L10009_0",406.85666666666674,60,0.0,64.91333333333333,60,2,NaN
08:39:34,L10009,427.63,3,"L10009_2,L10009_1,L10009_0",406.85666666666674,60,0.0,64.91333333333333,60,2,NaN
08:39:36,L10009,427.63,3,"L10009_2,L10009_1,L10009_0",406.85666666666674,60,0.0,64.91333333333333,60,2,NaN
08:39:38,L10009,427.63,3,"L10009_2,L10009_1,L10009_0",406.85666666666674,60,0.0,64.91333333333333,60,2,NaN
08:39:40,L10009,427.63,3,"L10009_2,L10009_1,L10009_0",406.85666666666674,60,0.0,64.91333333333333,60,2,NaN
08:39:42,L10009,427.63,3,"L10009_2,L10009_1,L10009_0",406.85666666666674,60,0.0,64.91333333333333,60,2,NaN
08:39:44,L10009,427.63,3,"L10009_2,L10009_1,L10009_0",406.85666666666674,60,0.0,64.91333333333333,60,2,NaN
08:39:46,L10009,427.63,3,"L10009_2,L10009_1,L10009_0",406.85666666666674,60,0.0,64.91333333333333,60,2,NaN
08:39:48,L10009,427.63,3,"L10009_2,L10009_1,L10009_0",406.85666666666674,60,0.0,64.91333333333333,60,2,NaN
08:39:50,L10009,427.63,3,"L10009_2,L10009_1,L10009_0",406.85666666666674,60,0.0,64.91333333333333,60,2,NaN
08:39:52,L10009,427.63,3,"L10009_2,L10009_1,L10009_0",406.85666666666674,60,0.0,64.91333333333333,60,2,NaN
08:39:54,L10009,427.63,3,"L10009_2,L10009_1,L10009_0",406.85666666666674,60,0.0,64.91333333333333,60,2,NaN
08:39:56,L10009,427.63,3,"L10009_2,L10009_1,L10009_0",406.85666666666674,60,0.0,64.91333333333333,60,2,NaN
08:39:58,L10009,427.63,3,"L10009_2,L10009_1,L10009_0",406.85666666666674,60,0.0,64.91333333333333,60,2,NaN
08:40:00,L10009,427.63,3,"L10009_2,L10009_1,L10009_0",406.85666666666674,60,0.0,64.91333333333333,60,2,NaN
08:40:02,L10009,427.63,3,"L10009_2,L10009_1,L10009_0",406.85666666666674,60,0.0,64.91333333333333,60,2,NaN
08:40:04,L10009,427.63,3,"L10009_2,L10009_1,L10009_0",406.85666666666674,60,0.0,64.91333333333333,60,2,NaN
08:40:06,L10009,427.63,3,"L10009_2,L10009_1,L10009_0",406.85666666666674,60,0.0,64.91333333333333,60,2,NaN
08:40:08,L10009,427.63,3,"L10009_2,L10009_1,L10009_0",406.85666666666674,60,0.0,64.91333333333333,60,2,NaN
08:40:10,L10009,427.63,3,"L10009_2,L10009_1,L10009_0",406.85666666666674,60,0.0,64.91333333333333,60,2,NaN
08:40:12,L10009,427.63,3,"L10009_2,L10009_1,L10009_0",406.85666666666674,60,0.0,64.91333333333333,60,2,NaN
08:40:14,L10009,427.63,3,"L10009_2,L10009_1,L10009_0",406.85666666666674,60,0.0,64.91333333333333,60,2,NaN
08:40:16,L10009,427.63,3,"L10009_2,L10009_1,L10009_0",406.85666666666674,60,0.0,64.91333333333333,60,2,NaN
08:40:18,L10009,427.63,3,"L10009_2,L10009_1,L10009_0",406.85666666666674,60,0.0,64.91333333333333,60,2,NaN
08:40:20,L10009,427.63,3,"L10009_2,L10009_1,L10009_0",406.85666666666674,60,0.0,64.91333333333333,60,2,NaN
08:40:22,L10009,427.63,3,"L10009_2,L10009_1,L10009_0",406.85666666666674,60,0.0,64.91333333333333,60,2,NaN
08:40:24,L10009,427.63,3,"L10009_2,L10009_1,L10009_0",406.85666666666674,60,0.0,64.91333333333333,60,2,NaN
08:40:26,L10009,427.63,3,"L10009_2,L10009_1,L10009_0",406.85666666666674,60,0.0,64.91333333333333,60,2,NaN
08:40:28,L10009,427.63,3,"L10009_2,L10009_1,L10009_0",406.85666666666674,60,0.0,64.91333333333333,60,2,NaN
08:40:30,L10009,427.63,3,"L10009_2,L10009_1,L10009_0",406.85666666666674,60,0.0,64.91333333333333,60,2,NaN
08:40:32,L10009,427.63,3,"L10009_2,L10009_1,L10009_0",406.85666666666674,60,0.0,64.91333333333333,60,2,NaN
08:40:34,L10009,427.63,3,"L10009_2,L10009_1,L10009_0",406.85666666666674,60,0.0,64.91333333333333,60,2,NaN
08:40:36,L10009,427.63,3,"L10009_2,L10009_1,L10009_0",406.85666666666674,60,0.0,64.91333333333333,60,2,NaN
08:40:38,L10009,427.63,3,"L10009_2,L10009_1,L10009_0",406.85666666666674,60,0.0,64.91333333333333,60,2,NaN
08:40:40,L10009,427.63,3,"L10009_2,L10009_1,L10009_0",406.85666666666674,60,0.0,64.91333333333333,60,2,NaN
08:40:42,L10009,427.63,3,"L10009_2,L10009_1,L10009_0",406.85666666666674,60,0.0,64.91333333333333,60,2,NaN
08:40:44,L10009,427.63,3,"L10009_2,L10009_1,L10009_0",406.85666666666674,60,0.0,64.91333333333333,60,2,NaN
08:40:46,L10009,427.63,3,"L10009_2,L10009_1,L10009_0",406.85666666666674,60,0.0,64.91333333333333,60,2,NaN
08:40:48,L10009,427.63,3,"L10009_2,L10009_1,L10009_0",406.85666666666674,60,0.0,64.91333333333333,60,2,NaN
08:40:50,L10009,427.63,3,"L10009_2,L10009_1,L10009_0",406.85666666666674,60,0.0,64.91333333333333,60,2,NaN
08:40:52,L10009,427.63,3,"L10009_2,L10009_1,L10009_0",406.85666666666674,60,0.0,64.91333333333333,60,2,NaN
08:40:54,L10009,427.63,3,"L10009_2,L10009_1,L10009_0",406.85666666666674,60,0.0,64.91333333333333,60,2,NaN
08:40:56,L10009,427.63,3,"L10009_2,L10009_1,L10009_0",406.85666666666674,60,0.0,64.91333333333333,60,2,NaN
08:40:58,L10009,427.63,3,"L10009_2,L10009_1,L10009_0",406.85666666666674,60,0.0,64.91333333333333,60,2,NaN
08:41:00,L10009,427.63,3,"L10009_2,L10009_1,L10009_0",406.85666666666674,60,0.0,64.91333333333333,60,2,NaN
08:41:02,L10009,427.63,3,"L10009_2,L10009_1,L10009_0",406.85666666666674,60,0.0,64.91333333333333,60,2,NaN
08:41:04,L10009,427.63,3,"L10009_2,L10009_1,L10009_0",406.85666666666674,60,0.0,64.91333333333333,60,2,NaN
08:41:06,L10009,427.63,3,"L10009_2,L10009_1,L10009_0",406.85666666666674,60,0.0,64.91333333333333,60,2,NaN
08:41:08,L10009,427.63,3,"L10009_2,L10009_1,L10009_0",406.85666666666674,60,0.0,64.91333333333333,60,2,NaN
08:41:10,L10009,427.63,3,"L10009_2,L10009_1,L10009_0",406.85666666666674,60,0.0,64.91333333333333,60,2,NaN
08:41:12,L10009,427.63,3,"L10009_2,L10009_1,L10009_0",406.85666666666674,60,0.0,64.91333333333333,60,2,NaN
08:41:14,L10009,427.63,3,"L10009_2,L10009_1,L10009_0",406.85666666666674,60,0.0,64.91333333333333,60,2,NaN
08:41:16,L10009,427.63,3,"L10009_2,L10009_1,L10009_0",406.85666666666674,60,0.0,64.91333333333333,60,2,NaN
08:41:18,L10009,427.63,3,"L10009_2,L10009_1,L10009_0",406.85666666666674,60,0.0,64.91333333333333,60,2,NaN
08:41:20,L10009,427.63,3,"L10009_2,L10009_1,L10009_0",406.85666666666674,60,0.0,64.91333333333333,60,2,NaN
08:41:22,L10009,427.63,3,"L10009_2,L10009_1,L10009_0",406.85666666666674,60,0.0,64.91333333333333,60,2,NaN
08:41:24,L10009,427.63,3,"L10009_2,L10009_1,L10009_0",406.85666666666674,60,0.0,64.91333333333333,60,2,NaN
08:41:26,L10009,427.63,3,"L10009_2,L10009_1,L10009_0",406.85666666666674,60,0.0,64.91333333333333,60,2,NaN
08:41:28,L10009,427.63,3,"L10009_2,L10009_1,L10009_0",406.85666666666674,60,0.0,64.91333333333333,60,2,NaN
08:41:30,L10009,427.63,3,"L10009_2,L10009_1,L10009_0",406.85666666666674,60,0.0,64.91333333333333,60,2,NaN
08:41:32,L10009,427.63,3,"L10009_2,L10009_1,L10009_0",406.85666666666674,60,0.0,64.91333333333333,60,2,NaN
08:41:34,L10009,427.63,3,"L10009_2,L10009_1,L10009_0",406.85666666666674,60,0.0,64.91333333333333,60,2,NaN
08:41:36,L10009,427.63,3,"L10009_2,L10009_1,L10009_0",406.85666666666674,60,0.0,64.91333333333333,60,2,NaN
08:41:38,L10009,427.63,3,"L10009_2,L10009_1,L10009_0",406.85666666666674,60,0.0,64.91333333333333,60,2,NaN
08:41:40,L10009,427.63,3,"L10009_2,L10009_1,L10009_0",406.85666666666674,60,0.0,64.91333333333333,60,2,NaN
08:41:42,L10009,427.63,3,"L10009_2,L10009_1,L10009_0",406.85666666666674,60,0.0,64.91333333333333,60,2,NaN
08:41:44,L10009,427.63,3,"L10009_2,L10009_1,L10009_0",406.85666666666674,60,0.0,64.91333333333333,60,2,NaN
08:41:46,L10009,427.63,3,"L10009_2,L10009_1,L10009_0",406.85666666666674,60,0.0,64.91333333333333,60,2,NaN
08:41:48,L10009,427.63,3,"L10009_2,L10009_1,L10009_0",406.85666666666674,60,0.0,64.91333333333333,60,2,NaN
08:41:50,L10009,427.63,3,"L10009_2,L10009_1,L10009_0",406.85666666666674,60,0.0,64.91333333333333,60,2,NaN
08:41:52,L10009,427.63,3,"L10009_2,L10009_1,L10009_0",406.85666666666674,60,0.0,64.91333333333333,60,2,NaN
08:41:54,L10009,427.63,3,"L10009_2,L10009_1,L10009_0",406.85666666666674,60,0.0,64.91333333333333,60,2,NaN
08:41:56,L10009,427.63,3,"L10009_2,L10009_1,L10009_0",406.85666666666674,60,0.0,64.91333333333333,60,2,NaN
08:41:58,L10009,427.63,3,"L10009_2,L10009_1,L10009_0",406.85666666666674,60,0.0,64.91333333333333,60,2,NaN
08:42:00,L10009,427.63,3,"L10009_2,L10009_1,L10009_0",406.85666666666674,60,0.0,64.91333333333333,60,2,NaN
08:42:02,L10009,427.63,3,"L10009_2,L10009_1,L10009_0",406.85666666666674,60,0.0,64.91333333333333,60,2,NaN
08:42:04,L10009,427.63,3,"L10009_2,L10009_1,L10009_0",406.85666666666674,60,0.0,64.91333333333333,60,2,NaN
08:42:06,L10009,427.63,3,"L10009_2,L10009_1,L10009_0",406.85666666666674,60,0.0,64.91333333333333,60,2,NaN
08:42:08,L10009,427.63,3,"L10009_2,L10009_1,L10009_0",406.85666666666674,60,0.0,64.91333333333333,60,2,NaN
08:42:10,L10009,427.63,3,"L10009_2,L10009_1,L10009_0",406.85666666666674,60,0.0,64.91333333333333,60,2,NaN
08:42:12,L10009,427.63,3,"L10009_2,L10009_1,L10009_0",406.85666666666674,60,0.0,64.91333333333333,60,2,NaN
08:42:14,L10009,427.63,3,"L10009_2,L10009_1,L10009_0",406.85666666666674,60,0.0,64.91333333333333,60,2,NaN
08:42:16,L10009,427.63,3,"L10009_2,L10009_1,L10009_0",406.85666666666674,60,0.0,64.91333333333333,60,2,NaN
08:42:18,L10009,427.63,3,"L10009_2,L10009_1,L10009_0",406.85666666666674,60,0.0,64.91333333333333,60,2,NaN
08:42:20,L10009,427.63,3,"L10009_2,L10009_1,L10009_0",406.85666666666674,60,0.0,64.91333333333333,60,2,NaN
08:42:22,L10009,427.63,3,"L10009_2,L10009_1,L10009_0",406.85666666666674,60,0.0,64.91333333333333,60,2,NaN
08:42:24,L10009,427.63,3,"L10009_2,L10009_1,L10009_0",406.85666666666674,60,0.0,64.91333333333333,60,2,NaN
08:42:26,L10009,427.63,3,"L10009_2,L10009_1,L10009_0",406.85666666666674,60,0.0,64.91333333333333,60,2,NaN
08:42:28,L10009,427.63,3,"L10009_2,L10009_1,L10009_0",406.85666666666674,60,0.0,64.91333333333333,60,2,NaN
08:42:30,L10009,427.63,3,"L10009_2,L10009_1,L10009_0",406.85666666666674,60,0.0,64.91333333333333,60,2,NaN
08:42:32,L10009,427.63,3,"L10009_2,L10009_1,L10009_0",406.85666666666674,60,0.0,64.91333333333333,60,2,NaN
08:42:34,L10009,427.63,3,"L10009_2,L10009_1,L10009_0",406.85666666666674,60,0.0,64.91333333333333,60,2,NaN
08:42:36,L10009,427.63,3,"L10009_2,L10009_1,L10009_0",406.85666666666674,60,0.0,64.91333333333333,60,2,NaN
08:42:38,L10009,427.63,3,"L10009_2,L10009_1,L10009_0",406.85666666666674,60,0.0,64.91333333333333,60,2,NaN
08:42:40,L10009,427.63,3,"L10009_2,L10009_1,L10009_0",406.85666666666674,60,0.0,64.91333333333333,60,2,NaN
08:42:42,L10009,427.63,3,"L10009_2,L10009_1,L10009_0",406.85666666666674,60,0.0,64.91333333333333,60,2,NaN
08:42:44,L10009,427.63,3,"L10009_2,L10009_1,L10009_0",406.85666666666674,60,0.0,64.91333333333333,60,2,NaN
08:42:46,L10009,427.63,3,"L10009_2,L10009_1,L10009_0",406.85666666666674,60,0.0,64.91333333333333,60,2,NaN
08:42:48,L10009,427.63,3,"L10009_2,L10009_1,L10009_0",406.85666666666674,60,0.0,64.91333333333333,60,2,NaN
08:42:50,L10009,427.63,3,"L10009_2,L10009_1,L10009_0",406.85666666666674,60,0.0,64.91333333333333,60,2,NaN
08:42:52,L10009,427.63,3,"L10009_2,L10009_1,L10009_0",406.85666666666674,60,0.0,64.91333333333333,60,2,NaN
08:42:54,L10009,427.63,3,"L10009_2,L10009_1,L10009_0",406.85666666666674,60,0.0,64.91333333333333,60,2,NaN
08:42:56,L10009,427.63,3,"L10009_2,L10009_1,L10009_0",406.85666666666674,60,0.0,64.91333333333333,60,2,NaN
08:42:58,L10009,427.63,3,"L10009_2,L10009_1,L10009_0",406.85666666666674,60,0.0,64.91333333333333,60,2,NaN
08:43:00,L10009,427.63,3,"L10009_2,L10009_1,L10009_0",406.85666666666674,60,0.0,64.91333333333333,60,2,NaN
08:43:02,L10009,427.63,3,"L10009_2,L10009_1,L10009_0",406.85666666666674,60,0.0,64.91333333333333,60,2,NaN
08:43:04,L10009,427.63,3,"L10009_2,L10009_1,L10009_0",406.85666666666674,60,0.0,64.91333333333333,60,2,NaN
08:43:06,L10009,427.63,3,"L10009_2,L10009_1,L10009_0",406.85666666666674,60,0.0,64.91333333333333,60,2,NaN
08:43:08,L10009,427.63,3,"L10009_2,L10009_1,L10009_0",406.85666666666674,60,0.0,64.91333333333333,60,2,NaN
08:43:10,L10009,427.63,3,"L10009_2,L10009_1,L10009_0",406.85666666666674,60,0.0,64.91333333333333,60,2,NaN
08:43:12,L10009,427.63,3,"L10009_2,L10009_1,L10009_0",406.85666666666674,60,0.0,64.91333333333333,60,2,NaN
08:43:14,L10009,427.63,3,"L10009_2,L10009_1,L10009_0",406.85666666666674,60,0.0,64.91333333333333,60,2,NaN
08:43:16,L10009,427.63,3,"L10009_2,L10009_1,L10009_0",406.85666666666674,60,0.0,64.91333333333333,60,2,NaN
08:43:18,L10009,427.63,3,"L10009_2,L10009_1,L10009_0",406.85666666666674,60,0.0,64.91333333333333,60,2,NaN
08:43:20,L10009,427.63,3,"L10009_2,L10009_1,L10009_0",406.85666666666674,60,0.0,64.91333333333333,60,2,NaN
08:43:22,L10009,427.63,3,"L10009_2,L10009_1,L10009_0",406.85666666666674,60,0.0,64.91333333333333,60,2,NaN
08:43:24,L10009,427.63,3,"L10009_2,L10009_1,L10009_0",406.85666666666674,60,0.0,64.91333333333333,60,2,NaN
08:43:26,L10009,427.63,3,"L10009_2,L10009_1,L10009_0",406.85666666666674,60,0.0,64.91333333333333,60,2,NaN
08:43:28,L10009,427.63,3,"L10009_2,L10009_1,L10009_0",406.85666666666674,60,0.0,64.91333333333333,60,2,NaN
08:43:30,L10009,427.63,3,"L10009_2,L10009_1,L10009_0",406.85666666666674,60,0.0,64.91333333333333,60,2,NaN
08:43:32,L10009,427.63,3,"L10009_2,L10009_1,L10009_0",406.85666666666674,60,0.0,64.91333333333333,60,2,NaN
08:43:34,L10009,427.63,3,"L10009_2,L10009_1,L10009_0",406.85666666666674,60,0.0,64.91333333333333,60,2,NaN
08:43:36,L10009,427.63,3,"L10009_2,L10009_1,L10009_0",406.85666666666674,60,0.0,64.91333333333333,60,2,NaN
08:43:38,L10009,427.63,3,"L10009_2,L10009_1,L10009_0",406.85666666666674,60,0.0,64.91333333333333,60,2,NaN
08:43:40,L10009,427.63,3,"L10009_2,L10009_1,L10009_0",406.85666666666674,60,0.0,64.91333333333333,60,2,NaN
08:43:42,L10009,427.63,3,"L10009_2,L10009_1,L10009_0",406.85666666666674,60,0.0,64.91333333333333,60,2,NaN
08:43:44,L10009,427.63,3,"L10009_2,L10009_1,L10009_0",406.85666666666674,60,0.0,64.91333333333333,60,2,NaN
08:43:46,L10009,427.63,3,"L10009_2,L10009_1,L10009_0",406.85666666666674,60,0.0,64.91333333333333,60,2,NaN
08:43:48,L10009,427.63,3,"L10009_2,L10009_1,L10009_0",406.85666666666674,60,0.0,64.91333333333333,60,2,NaN
08:43:50,L10009,427.63,3,"L10009_2,L10009_1,L10009_0",406.85666666666674,60,0.0,64.91333333333333,60,2,NaN
08:43:52,L10009,427.63,3,"L10009_2,L10009_1,L10009_0",406.85666666666674,60,0.0,64.91333333333333,60,2,NaN
08:43:54,L10009,427.63,3,"L10009_2,L10009_1,L10009_0",406.85666666666674,60,0.0,64.91333333333333,60,2,NaN
08:43:56,L10009,427.63,3,"L10009_2,L10009_1,L10009_0",406.85666666666674,60,0.0,64.91333333333333,60,2,NaN
08:43:58,L10009,427.63,3,"L10009_2,L10009_1,L10009_0",406.85666666666674,60,0.0,64.91333333333333,60,2,NaN
08:44:00,L10009,427.63,3,"L10009_2,L10009_1,L10009_0",406.85666666666674,60,0.0,64.91333333333333,60,2,NaN
08:44:02,L10009,427.63,3,"L10009_2,L10009_1,L10009_0",406.85666666666674,60,0.0,64.91333333333333,60,2,NaN
08:44:04,L10009,427.63,3,"L10009_2,L10009_1,L10009_0",406.85666666666674,60,0.0,64.91333333333333,60,2,NaN
08:44:06,L10009,427.63,3,"L10009_2,L10009_1,L10009_0",406.85666666666674,60,0.0,64.91333333333333,60,2,NaN
08:44:08,L10009,427.63,3,"L10009_2,L10009_1,L10009_0",406.85666666666674,60,0.0,64.91333333333333,60,2,NaN
08:44:10,L10009,427.63,3,"L10009_2,L10009_1,L10009_0",406.85666666666674,60,0.0,64.91333333333333,60,2,NaN
08:44:12,L10009,427.63,3,"L10009_2,L10009_1,L10009_0",406.85666666666674,60,0.0,64.91333333333333,60,2,NaN
08:44:14,L10009,427.63,3,"L10009_2,L10009_1,L10009_0",406.85666666666674,60,0.0,64.91333333333333,60,2,NaN
08:44:16,L10009,427.63,3,"L10009_2,L10009_1,L10009_0",406.85666666666674,60,0.0,64.91333333333333,60,2,NaN
08:44:18,L10009,427.63,3,"L10009_2,L10009_1,L10009_0",406.85666666666674,60,0.0,64.91333333333333,60,2,NaN
08:44:20,L10009,427.63,3,"L10009_2,L10009_1,L10009_0",406.85666666666674,60,0.0,64.91333333333333,60,2,NaN
08:44:22,L10009,427.63,3,"L10009_2,L10009_1,L10009_0",406.85666666666674,60,0.0,64.91333333333333,60,2,NaN
08:44:24,L10009,427.63,3,"L10009_2,L10009_1,L10009_0",406.85666666666674,60,0.0,64.91333333333333,60,2,NaN
08:44:26,L10009,427.63,3,"L10009_2,L10009_1,L10009_0",406.85666666666674,60,0.0,64.91333333333333,60,2,NaN
08:44:28,L10009,427.63,3,"L10009_2,L10009_1,L10009_0",406.85666666666674,60,0.0,64.91333333333333,60,2,NaN
08:44:30,L10009,427.63,3,"L10009_2,L10009_1,L10009_0",406.85666666666674,60,0.0,64.91333333333333,60,2,NaN
08:44:32,L10009,427.63,3,"L10009_2,L10009_1,L10009_0",406.85666666666674,60,0.0,64.91333333333333,60,2,NaN
08:44:34,L10009,427.63,3,"L10009_2,L10009_1,L10009_0",406.85666666666674,60,0.0,64.91333333333333,60,2,NaN
08:44:36,L10009,427.63,3,"L10009_2,L10009_1,L10009_0",406.85666666666674,60,0.0,64.91333333333333,60,2,NaN
08:44:38,L10009,427.63,3,"L10009_2,L10009_1,L10009_0",406.85666666666674,60,0.0,64.91333333333333,60,2,NaN
08:44:40,L10009,427.63,3,"L10009_2,L10009_1,L10009_0",406.85666666666674,60,0.0,64.91333333333333,60,2,NaN
08:44:42,L10009,427.63,3,"L10009_2,L10009_1,L10009_0",406.85666666666674,60,0.0,64.91333333333333,60,2,NaN
08:44:44,L10009,427.63,3,"L10009_2,L10009_1,L10009_0",406.85666666666674,60,0.0,64.91333333333333,60,2,NaN
08:44:46,L10009,427.63,3,"L10009_2,L10009_1,L10009_0",406.85666666666674,60,0.0,64.91333333333333,60,2,NaN
08:44:48,L10009,427.63,3,"L10009_2,L10009_1,L10009_0",406.85666666666674,60,0.0,64.91333333333333,60,2,NaN
08:44:50,L10009,427.63,3,"L10009_2,L10009_1,L10009_0",406.85666666666674,60,0.0,64.91333333333333,60,2,NaN
08:44:52,L10009,427.63,3,"L10009_2,L10009_1,L10009_0",406.85666666666674,60,0.0,64.91333333333333,60,2,NaN
08:44:54,L10009,427.63,3,"L10009_2,L10009_1,L10009_0",406.85666666666674,60,0.0,64.91333333333333,60,2,NaN
08:44:56,L10009,427.63,3,"L10009_2,L10009_1,L10009_0",406.85666666666674,60,0.0,64.91333333333333,60,2,NaN
08:44:58,L10009,427.63,3,"L10009_2,L10009_1,L10009_0",406.85666666666674,60,0.0,64.91333333333333,60,2,NaN
08:45:00,L10009,427.63,3,"L10009_2,L10009_1,L10009_0",406.85666666666674,60,0.0,64.91333333333333,60,2,NaN
08:45:02,L10009,427.63,3,"L10009_2,L10009_1,L10009_0",406.85666666666674,60,0.0,64.91333333333333,60,2,NaN
08:45:04,L10009,427.63,3,"L10009_2,L10009_1,L10009_0",406.85666666666674,60,0.0,64.91333333333333,60,2,NaN
08:45:06,L10009,427.63,3,"L10009_2,L10009_1,L10009_0",406.85666666666674,60,0.0,64.91333333333333,60,2,NaN
08:45:08,L10009,427.63,3,"L10009_2,L10009_1,L10009_0",406.85666666666674,60,0.0,64.91333333333333,60,2,NaN
08:45:10,L10009,427.63,3,"L10009_2,L10009_1,L10009_0",406.85666666666674,60,0.0,64.91333333333333,60,2,NaN
08:45:12,L10009,427.63,3,"L10009_2,L10009_1,L10009_0",406.85666666666674,60,0.0,64.91333333333333,60,2,NaN
08:45:14,L10009,427.63,3,"L10009_2,L10009_1,L10009_0",406.85666666666674,60,0.0,64.91333333333333,60,2,NaN
08:45:16,L10009,427.63,3,"L10009_2,L10009_1,L10009_0",406.85666666666674,60,0.0,64.91333333333333,60,2,NaN
08:45:18,L10009,427.63,3,"L10009_2,L10009_1,L10009_0",406.85666666666674,60,0.0,64.91333333333333,60,2,NaN
08:45:20,L10009,427.63,3,"L10009_2,L10009_1,L10009_0",406.85666666666674,60,0.0,64.91333333333333,60,2,NaN
08:45:22,L10009,427.63,3,"L10009_2,L10009_1,L10009_0",406.85666666666674,60,0.0,64.91333333333333,60,2,NaN
08:45:24,L10009,427.63,3,"L10009_2,L10009_1,L10009_0",406.85666666666674,60,0.0,64.91333333333333,60,2,NaN
08:45:26,L10009,427.63,3,"L10009_2,L10009_1,L10009_0",406.85666666666674,60,0.0,64.91333333333333,60,2,NaN
08:45:28,L10009,427.63,3,"L10009_2,L10009_1,L10009_0",406.85666666666674,60,0.0,64.91333333333333,60,2,NaN
08:45:30,L10009,427.63,3,"L10009_2,L10009_1,L10009_0",406.85666666666674,60,0.0,64.91333333333333,60,2,NaN
08:45:32,L10009,427.63,3,"L10009_2,L10009_1,L10009_0",406.85666666666674,60,0.0,64.91333333333333,60,2,NaN
08:45:34,L10009,427.63,3,"L10009_2,L10009_1,L10009_0",406.85666666666674,60,0.0,64.91333333333333,60,2,NaN
08:45:36,L10009,427.63,3,"L10009_2,L10009_1,L10009_0",406.85666666666674,60,0.0,64.91333333333333,60,2,NaN
08:45:38,L10009,427.63,3,"L10009_2,L10009_1,L10009_0",406.85666666666674,60,0.0,64.91333333333333,60,2,NaN
08:45:40,L10009,427.63,3,"L10009_2,L10009_1,L10009_0",406.85666666666674,60,0.0,64.91333333333333,60,2,NaN
08:45:42,L10009,427.63,3,"L10009_2,L10009_1,L10009_0",406.85666666666674,60,0.0,64.91333333333333,60,2,NaN
08:45:44,L10009,427.63,3,"L10009_2,L10009_1,L10009_0",406.85666666666674,60,0.0,64.91333333333333,60,2,NaN
08:45:46,L10009,427.63,3,"L10009_2,L10009_1,L10009_0",406.85666666666674,60,0.0,64.91333333333333,60,2,NaN
08:45:48,L10009,427.63,3,"L10009_2,L10009_1,L10009_0",406.85666666666674,60,0.0,64.91333333333333,60,2,NaN
08:45:50,L10009,427.63,3,"L10009_2,L10009_1,L10009_0",406.85666666666674,60,0.0,64.91333333333333,60,2,NaN
08:45:52,L10009,427.63,3,"L10009_2,L10009_1,L10009_0",406.85666666666674,60,0.0,64.91333333333333,60,2,NaN
08:45:54,L10009,427.63,3,"L10009_2,L10009_1,L10009_0",406.85666666666674,60,0.0,64.91333333333333,60,2,NaN
08:45:56,L10009,427.63,3,"L10009_2,L10009_1,L10009_0",406.85666666666674,60,0.0,64.91333333333333,60,2,NaN
08:45:58,L10009,427.63,3,"L10009_2,L10009_1,L10009_0",406.85666666666674,60,0.0,64.91333333333333,60,2,NaN
08:46:00,L10009,427.63,3,"L10009_2,L10009_1,L10009_0",406.85666666666674,60,0.0,64.91333333333333,60,2,NaN
08:46:02,L10009,427.63,3,"L10009_2,L10009_1,L10009_0",406.85666666666674,60,0.0,64.91333333333333,60,2,NaN
08:46:04,L10009,427.63,3,"L10009_2,L10009_1,L10009_0",406.85666666666674,60,0.0,64.91333333333333,60,2,NaN
08:46:06,L10009,427.63,3,"L10009_2,L10009_1,L10009_0",406.85666666666674,60,0.0,64.91333333333333,60,2,NaN
08:46:08,L10009,427.63,3,"L10009_2,L10009_1,L10009_0",406.85666666666674,60,0.0,64.91333333333333,60,2,NaN
08:46:10,L10009,427.63,3,"L10009_2,L10009_1,L10009_0",406.85666666666674,60,0.0,64.91333333333333,60,2,NaN
08:46:12,L10009,427.63,3,"L10009_2,L10009_1,L10009_0",406.85666666666674,60,0.0,64.91333333333333,60,2,NaN
08:46:14,L10009,427.63,3,"L10009_2,L10009_1,L10009_0",406.85666666666674,60,0.0,64.91333333333333,60,2,NaN
08:46:16,L10009,427.63,3,"L10009_2,L10009_1,L10009_0",406.85666666666674,60,0.0,64.91333333333333,60,2,NaN
08:46:18,L10009,427.63,3,"L10009_2,L10009_1,L10009_0",406.85666666666674,60,0.0,64.91333333333333,60,2,NaN
08:46:20,L10009,427.63,3,"L10009_2,L10009_1,L10009_0",406.85666666666674,60,0.0,64.91333333333333,60,2,NaN
08:46:22,L10009,427.63,3,"L10009_2,L10009_1,L10009_0",406.85666666666674,60,0.0,64.91333333333333,60,2,NaN
08:46:24,L10009,427.63,3,"L10009_2,L10009_1,L10009_0",406.85666666666674,60,0.0,64.91333333333333,60,2,NaN
08:46:26,L10009,427.63,3,"L10009_2,L10009_1,L10009_0",406.85666666666674,60,0.0,64.91333333333333,60,2,NaN
08:46:28,L10009,427.63,3,"L10009_2,L10009_1,L10009_0",406.85666666666674,60,0.0,64.91333333333333,60,2,NaN
08:46:30,L10009,427.63,3,"L10009_2,L10009_1,L10009_0",406.85666666666674,60,0.0,64.91333333333333,60,2,NaN
08:46:32,L10009,427.63,3,"L10009_2,L10009_1,L10009_0",406.85666666666674,60,0.0,64.91333333333333,60,2,NaN
08:46:34,L10009,427.63,3,"L10009_2,L10009_1,L10009_0",406.85666666666674,60,0.0,64.91333333333333,60,2,NaN
08:46:36,L10009,427.63,3,"L10009_2,L10009_1,L10009_0",406.85666666666674,60,0.0,64.91333333333333,60,2,NaN
08:46:38,L10009,427.63,3,"L10009_2,L10009_1,L10009_0",406.85666666666674,60,0.0,64.91333333333333,60,2,NaN
08:46:40,L10009,427.63,3,"L10009_2,L10009_1,L10009_0",406.85666666666674,60,0.0,64.91333333333333,60,2,NaN
08:46:42,L10009,427.63,3,"L10009_2,L10009_1,L10009_0",406.85666666666674,60,0.0,64.91333333333333,60,2,NaN
08:46:44,L10009,427.63,3,"L10009_2,L10009_1,L10009_0",406.85666666666674,60,0.0,64.91333333333333,60,2,NaN
08:46:46,L10009,427.63,3,"L10009_2,L10009_1,L10009_0",406.85666666666674,60,0.0,64.91333333333333,60,2,NaN
08:46:48,L10009,427.63,3,"L10009_2,L10009_1,L10009_0",406.85666666666674,60,0.0,64.91333333333333,60,2,NaN
08:46:50,L10009,427.63,3,"L10009_2,L10009_1,L10009_0",406.85666666666674,60,0.0,64.91333333333333,60,2,NaN
08:46:52,L10009,427.63,3,"L10009_2,L10009_1,L10009_0",406.85666666666674,60,0.0,64.91333333333333,60,2,NaN
08:46:54,L10009,427.63,3,"L10009_2,L10009_1,L10009_0",406.85666666666674,60,0.0,64.91333333333333,60,2,NaN
08:46:56,L10009,427.63,3,"L10009_2,L10009_1,L10009_0",406.85666666666674,60,0.0,64.91333333333333,60,2,NaN
08:46:58,L10009,427.63,3,"L10009_2,L10009_1,L10009_0",406.85666666666674,60,0.0,64.91333333333333,60,2,NaN
08:47:00,L10009,427.63,3,"L10009_2,L10009_1,L10009_0",406.85666666666674,60,0.0,64.91333333333333,60,2,NaN
08:47:02,L10009,427.63,3,"L10009_2,L10009_1,L10009_0",406.85666666666674,60,0.0,64.91333333333333,60,2,NaN
08:47:04,L10009,427.63,3,"L10009_2,L10009_1,L10009_0",406.85666666666674,60,0.0,64.91333333333333,60,2,NaN
08:47:06,L10009,427.63,3,"L10009_2,L10009_1,L10009_0",406.85666666666674,60,0.0,64.91333333333333,60,2,NaN
08:47:08,L10009,427.63,3,"L10009_2,L10009_1,L10009_0",406.85666666666674,60,0.0,64.91333333333333,60,2,NaN
08:47:10,L10009,427.63,3,"L10009_2,L10009_1,L10009_0",406.85666666666674,60,0.0,64.91333333333333,60,2,NaN
08:47:12,L10009,427.63,3,"L10009_2,L10009_1,L10009_0",406.85666666666674,60,0.0,64.91333333333333,60,2,NaN
08:47:14,L10009,427.63,3,"L10009_2,L10009_1,L10009_0",406.85666666666674,60,0.0,64.91333333333333,60,2,NaN
08:47:16,L10009,427.63,3,"L10009_2,L10009_1,L10009_0",406.85666666666674,60,0.0,64.91333333333333,60,2,NaN
08:47:18,L10009,427.63,3,"L10009_2,L10009_1,L10009_0",406.85666666666674,60,0.0,64.91333333333333,60,2,NaN
08:47:20,L10009,427.63,3,"L10009_2,L10009_1,L10009_0",406.85666666666674,60,0.0,64.91333333333333,60,2,NaN
08:47:22,L10009,427.63,3,"L10009_2,L10009_1,L10009_0",406.85666666666674,60,0.0,64.91333333333333,60,2,NaN
08:47:24,L10009,427.63,3,"L10009_2,L10009_1,L10009_0",406.85666666666674,60,0.0,64.91333333333333,60,2,NaN
08:47:26,L10009,427.63,3,"L10009_2,L10009_1,L10009_0",406.85666666666674,60,0.0,64.91333333333333,60,2,NaN
08:47:28,L10009,427.63,3,"L10009_2,L10009_1,L10009_0",406.85666666666674,60,0.0,64.91333333333333,60,2,NaN
08:47:30,L10009,427.63,3,"L10009_2,L10009_1,L10009_0",406.85666666666674,60,0.0,64.91333333333333,60,2,NaN
08:47:32,L10009,427.63,3,"L10009_2,L10009_1,L10009_0",406.85666666666674,60,0.0,64.91333333333333,60,2,NaN
08:47:34,L10009,427.63,3,"L10009_2,L10009_1,L10009_0",406.85666666666674,60,0.0,64.91333333333333,60,2,NaN
08:47:36,L10009,427.63,3,"L10009_2,L10009_1,L10009_0",406.85666666666674,60,0.0,64.91333333333333,60,2,NaN
08:47:38,L10009,427.63,3,"L10009_2,L10009_1,L10009_0",406.85666666666674,60,0.0,64.91333333333333,60,2,NaN
08:47:40,L10009,427.63,3,"L10009_2,L10009_1,L10009_0",406.85666666666674,60,0.0,64.91333333333333,60,2,NaN
08:47:42,L10009,427.63,3,"L10009_2,L10009_1,L10009_0",406.85666666666674,60,0.0,64.91333333333333,60,2,NaN
08:47:44,L10009,427.63,3,"L10009_2,L10009_1,L10009_0",406.85666666666674,60,0.0,64.91333333333333,60,2,NaN
08:47:46,L10009,427.63,3,"L10009_2,L10009_1,L10009_0",406.85666666666674,60,0.0,64.91333333333333,60,2,NaN
08:47:48,L10009,427.63,3,"L10009_2,L10009_1,L10009_0",406.85666666666674,60,0.0,64.91333333333333,60,2,NaN
08:47:50,L10009,427.63,3,"L10009_2,L10009_1,L10009_0",406.85666666666674,60,0.0,64.91333333333333,60,2,NaN
08:47:52,L10009,427.63,3,"L10009_2,L10009_1,L10009_0",406.85666666666674,60,0.0,64.91333333333333,60,2,NaN
08:47:54,L10009,427.63,3,"L10009_2,L10009_1,L10009_0",406.85666666666674,60,0.0,64.91333333333333,60,2,NaN
08:47:56,L10009,427.63,3,"L10009_2,L10009_1,L10009_0",406.85666666666674,60,0.0,64.91333333333333,60,2,NaN
08:47:58,L10009,427.63,3,"L10009_2,L10009_1,L10009_0",406.85666666666674,60,0.0,64.91333333333333,60,2,NaN
08:48:00,L10009,427.63,3,"L10009_2,L10009_1,L10009_0",406.85666666666674,60,0.0,64.91333333333333,60,2,NaN
08:48:02,L10009,427.63,3,"L10009_2,L10009_1,L10009_0",406.85666666666674,60,0.0,64.91333333333333,60,2,NaN
08:48:04,L10009,427.63,3,"L10009_2,L10009_1,L10009_0",406.85666666666674,60,0.0,64.91333333333333,60,2,NaN
08:48:06,L10009,427.63,3,"L10009_2,L10009_1,L10009_0",406.85666666666674,60,0.0,64.91333333333333,60,2,NaN
08:48:08,L10009,427.63,3,"L10009_2,L10009_1,L10009_0",406.85666666666674,60,0.0,64.91333333333333,60,2,NaN
08:48:10,L10009,427.63,3,"L10009_2,L10009_1,L10009_0",406.85666666666674,60,0.0,64.91333333333333,60,2,NaN
08:48:12,L10009,427.63,3,"L10009_2,L10009_1,L10009_0",406.85666666666674,60,0.0,64.91333333333333,60,2,NaN
08:48:14,L10009,427.63,3,"L10009_2,L10009_1,L10009_0",406.85666666666674,60,0.0,64.91333333333333,60,2,NaN
08:48:16,L10009,427.63,3,"L10009_2,L10009_1,L10009_0",406.85666666666674,60,0.0,64.91333333333333,60,2,NaN
08:48:18,L10009,427.63,3,"L10009_2,L10009_1,L10009_0",406.85666666666674,60,0.0,64.91333333333333,60,2,NaN
08:48:20,L10009,427.63,3,"L10009_2,L10009_1,L10009_0",406.85666666666674,60,0.0,64.91333333333333,60,2,NaN
08:48:22,L10009,427.63,3,"L10009_2,L10009_1,L10009_0",406.85666666666674,60,0.0,64.91333333333333,60,2,NaN
08:48:24,L10009,427.63,3,"L10009_2,L10009_1,L10009_0",406.85666666666674,60,0.0,64.91333333333333,60,2,NaN
08:48:26,L10009,427.63,3,"L10009_2,L10009_1,L10009_0",406.85666666666674,60,0.0,64.91333333333333,60,2,NaN
08:48:28,L10009,427.63,3,"L10009_2,L10009_1,L10009_0",406.85666666666674,60,0.0,64.91333333333333,60,2,NaN
08:48:30,L10009,427.63,3,"L10009_2,L10009_1,L10009_0",406.85666666666674,60,0.0,64.91333333333333,60,2,NaN
08:48:32,L10009,427.63,3,"L10009_2,L10009_1,L10009_0",406.85666666666674,60,0.0,64.91333333333333,60,2,NaN
08:48:34,L10009,427.63,3,"L10009_2,L10009_1,L10009_0",406.85666666666674,60,0.0,64.91333333333333,60,2,NaN
08:48:36,L10009,427.63,3,"L10009_2,L10009_1,L10009_0",406.85666666666674,60,0.0,64.91333333333333,60,2,NaN
08:48:38,L10009,427.63,3,"L10009_2,L10009_1,L10009_0",406.85666666666674,60,0.0,64.91333333333333,60,2,NaN
08:48:40,L10009,427.63,3,"L10009_2,L10009_1,L10009_0",406.85666666666674,60,0.0,64.91333333333333,60,2,NaN
08:48:42,L10009,427.63,3,"L10009_2,L10009_1,L10009_0",406.85666666666674,60,0.0,64.91333333333333,60,2,NaN
08:48:44,L10009,427.63,3,"L10009_2,L10009_1,L10009_0",406.85666666666674,60,0.0,64.91333333333333,60,2,NaN
08:48:46,L10009,427.63,3,"L10009_2,L10009_1,L10009_0",406.85666666666674,60,0.0,64.91333333333333,60,2,NaN
08:48:48,L10009,427.63,3,"L10009_2,L10009_1,L10009_0",406.85666666666674,60,0.0,64.91333333333333,60,2,NaN
08:48:50,L10009,427.63,3,"L10009_2,L10009_1,L10009_0",406.85666666666674,60,0.0,64.91333333333333,60,2,NaN
08:48:52,L10009,427.63,3,"L10009_2,L10009_1,L10009_0",406.85666666666674,60,0.0,64.91333333333333,60,2,NaN
08:48:54,L10009,427.63,3,"L10009_2,L10009_1,L10009_0",406.85666666666674,60,0.0,64.91333333333333,60,2,NaN
08:48:56,L10009,427.63,3,"L10009_2,L10009_1,L10009_0",406.85666666666674,60,0.0,64.91333333333333,60,2,NaN
08:48:58,L10009,427.63,3,"L10009_2,L10009_1,L10009_0",406.85666666666674,60,0.0,64.91333333333333,60,2,NaN
08:49:00,L10009,427.63,3,"L10009_2,L10009_1,L10009_0",406.85666666666674,60,0.0,64.91333333333333,60,2,NaN
08:49:02,L10009,427.63,3,"L10009_2,L10009_1,L10009_0",406.85666666666674,60,0.0,64.91333333333333,60,2,NaN
08:49:04,L10009,427.63,3,"L10009_2,L10009_1,L10009_0",406.85666666666674,60,0.0,64.91333333333333,60,2,NaN
08:49:06,L10009,427.63,3,"L10009_2,L10009_1,L10009_0",406.85666666666674,60,0.0,64.91333333333333,60,2,NaN
08:49:08,L10009,427.63,3,"L10009_2,L10009_1,L10009_0",406.85666666666674,60,0.0,64.91333333333333,60,2,NaN
08:49:10,L10009,427.63,3,"L10009_2,L10009_1,L10009_0",406.85666666666674,60,0.0,64.91333333333333,60,2,NaN
08:49:12,L10009,427.63,3,"L10009_2,L10009_1,L10009_0",406.85666666666674,60,0.0,64.91333333333333,60,2,NaN
08:49:14,L10009,427.63,3,"L10009_2,L10009_1,L10009_0",406.85666666666674,60,0.0,64.91333333333333,60,2,NaN
08:49:16,L10009,427.63,3,"L10009_2,L10009_1,L10009_0",406.85666666666674,60,0.0,64.91333333333333,60,2,NaN
08:49:18,L10009,427.63,3,"L10009_2,L10009_1,L10009_0",406.85666666666674,60,0.0,64.91333333333333,60,2,NaN
08:49:20,L10009,427.63,3,"L10009_2,L10009_1,L10009_0",406.85666666666674,60,0.0,64.91333333333333,60,2,NaN
08:49:22,L10009,427.63,3,"L10009_2,L10009_1,L10009_0",406.85666666666674,60,0.0,64.91333333333333,60,2,NaN
08:49:24,L10009,427.63,3,"L10009_2,L10009_1,L10009_0",406.85666666666674,60,0.0,64.91333333333333,60,2,NaN
08:49:26,L10009,427.63,3,"L10009_2,L10009_1,L10009_0",406.85666666666674,60,0.0,64.91333333333333,60,2,NaN
08:49:28,L10009,427.63,3,"L10009_2,L10009_1,L10009_0",406.85666666666674,60,0.0,64.91333333333333,60,2,NaN
08:49:30,L10009,427.63,3,"L10009_2,L10009_1,L10009_0",406.85666666666674,60,0.0,64.91333333333333,60,2,NaN
08:49:32,L10009,427.63,3,"L10009_2,L10009_1,L10009_0",406.85666666666674,60,0.0,64.91333333333333,60,2,NaN
08:49:34,L10009,427.63,3,"L10009_2,L10009_1,L10009_0",406.85666666666674,60,0.0,64.91333333333333,60,2,NaN
08:49:36,L10009,427.63,3,"L10009_2,L10009_1,L10009_0",406.85666666666674,60,0.0,64.91333333333333,60,2,NaN
08:49:38,L10009,427.63,3,"L10009_2,L10009_1,L10009_0",406.85666666666674,60,0.0,64.91333333333333,60,2,NaN
08:49:40,L10009,427.63,3,"L10009_2,L10009_1,L10009_0",406.85666666666674,60,0.0,64.91333333333333,60,2,NaN
08:49:42,L10009,427.63,3,"L10009_2,L10009_1,L10009_0",406.85666666666674,60,0.0,64.91333333333333,60,2,NaN
08:49:44,L10009,427.63,3,"L10009_2,L10009_1,L10009_0",406.85666666666674,60,0.0,64.91333333333333,60,2,NaN
08:49:46,L10009,427.63,3,"L10009_2,L10009_1,L10009_0",406.85666666666674,60,0.0,64.91333333333333,60,2,NaN
08:49:48,L10009,427.63,3,"L10009_2,L10009_1,L10009_0",406.85666666666674,60,0.0,64.91333333333333,60,2,NaN
08:49:50,L10009,427.63,3,"L10009_2,L10009_1,L10009_0",406.85666666666674,60,0.0,64.91333333333333,60,2,NaN
08:49:52,L10009,427.63,3,"L10009_2,L10009_1,L10009_0",406.85666666666674,60,0.0,64.91333333333333,60,2,NaN
08:49:54,L10009,427.63,3,"L10009_2,L10009_1,L10009_0",406.85666666666674,60,0.0,64.91333333333333,60,2,NaN
08:49:56,L10009,427.63,3,"L10009_2,L10009_1,L10009_0",406.85666666666674,60,0.0,64.91333333333333,60,2,NaN
08:49:58,L10009,427.63,3,"L10009_2,L10009_1,L10009_0",406.85666666666674,60,0.0,64.91333333333333,60,2,NaN
08:50:00,L10009,427.63,3,"L10009_2,L10009_1,L10009_0",406.85666666666674,60,0.0,64.91333333333333,60,2,NaN
08:50:02,L10009,427.63,3,"L10009_2,L10009_1,L10009_0",406.85666666666674,60,0.0,64.91333333333333,60,2,NaN
08:50:04,L10009,427.63,3,"L10009_2,L10009_1,L10009_0",406.85666666666674,60,0.0,64.91333333333333,60,2,NaN
08:50:06,L10009,427.63,3,"L10009_2,L10009_1,L10009_0",406.85666666666674,60,0.0,64.91333333333333,60,2,NaN
08:50:08,L10009,427.63,3,"L10009_2,L10009_1,L10009_0",406.85666666666674,60,0.0,64.91333333333333,60,2,NaN
08:50:10,L10009,427.63,3,"L10009_2,L10009_1,L10009_0",406.85666666666674,60,0.0,64.91333333333333,60,2,NaN
08:50:12,L10009,427.63,3,"L10009_2,L10009_1,L10009_0",406.85666666666674,60,0.0,64.91333333333333,60,2,NaN
08:50:14,L10009,427.63,3,"L10009_2,L10009_1,L10009_0",406.85666666666674,60,0.0,64.91333333333333,60,2,NaN
08:50:16,L10009,427.63,3,"L10009_2,L10009_1,L10009_0",406.85666666666674,60,0.0,64.91333333333333,60,2,NaN
08:50:18,L10009,427.63,3,"L10009_2,L10009_1,L10009_0",406.85666666666674,60,0.0,64.91333333333333,60,2,NaN
08:50:20,L10009,427.63,3,"L10009_2,L10009_1,L10009_0",406.85666666666674,60,0.0,64.91333333333333,60,2,NaN
08:50:22,L10009,427.63,3,"L10009_2,L10009_1,L10009_0",406.85666666666674,60,0.0,64.91333333333333,60,2,NaN
08:50:24,L10009,427.63,3,"L10009_2,L10009_1,L10009_0",406.85666666666674,60,0.0,64.91333333333333,60,2,NaN
08:50:26,L10009,427.63,3,"L10009_2,L10009_1,L10009_0",406.85666666666674,60,0.0,64.91333333333333,60,2,NaN
08:50:28,L10009,427.63,3,"L10009_2,L10009_1,L10009_0",406.85666666666674,60,0.0,64.91333333333333,60,2,NaN
08:50:30,L10009,427.63,3,"L10009_2,L10009_1,L10009_0",406.85666666666674,60,0.0,64.91333333333333,60,2,NaN
08:50:32,L10009,427.63,3,"L10009_2,L10009_1,L10009_0",406.85666666666674,60,0.0,64.91333333333333,60,2,NaN
08:50:34,L10009,427.63,3,"L10009_2,L10009_1,L10009_0",406.85666666666674,60,0.0,64.91333333333333,60,2,NaN
08:50:36,L10009,427.63,3,"L10009_2,L10009_1,L10009_0",406.85666666666674,60,0.0,64.91333333333333,60,2,NaN
08:50:38,L10009,427.63,3,"L10009_2,L10009_1,L10009_0",406.85666666666674,60,0.0,64.91333333333333,60,2,NaN
08:50:40,L10009,427.63,3,"L10009_2,L10009_1,L10009_0",406.85666666666674,60,0.0,64.91333333333333,60,2,NaN
08:50:42,L10009,427.63,3,"L10009_2,L10009_1,L10009_0",406.85666666666674,60,0.0,64.91333333333333,60,2,NaN
08:50:44,L10009,427.63,3,"L10009_2,L10009_1,L10009_0",406.85666666666674,60,0.0,64.91333333333333,60,2,NaN
08:50:46,L10009,427.63,3,"L10009_2,L10009_1,L10009_0",406.85666666666674,60,0.0,64.91333333333333,60,2,NaN
08:50:48,L10009,427.63,3,"L10009_2,L10009_1,L10009_0",406.85666666666674,60,0.0,64.91333333333333,60,2,NaN
08:50:50,L10009,427.63,3,"L10009_2,L10009_1,L10009_0",406.85666666666674,60,0.0,64.91333333333333,60,2,NaN
08:50:52,L10009,427.63,3,"L10009_2,L10009_1,L10009_0",406.85666666666674,60,0.0,64.91333333333333,60,2,NaN
08:50:54,L10009,427.63,3,"L10009_2,L10009_1,L10009_0",406.85666666666674,60,0.0,64.91333333333333,60,2,NaN
08:50:56,L10009,427.63,3,"L10009_2,L10009_1,L10009_0",406.85666666666674,60,0.0,64.91333333333333,60,2,NaN
08:50:58,L10009,427.63,3,"L10009_2,L10009_1,L10009_0",406.85666666666674,60,0.0,64.91333333333333,60,2,NaN
08:51:00,L10009,427.63,3,"L10009_2,L10009_1,L10009_0",406.85666666666674,60,0.0,64.91333333333333,60,2,NaN
08:51:02,L10009,427.63,3,"L10009_2,L10009_1,L10009_0",406.85666666666674,60,0.0,64.91333333333333,60,2,NaN
08:51:04,L10009,427.63,3,"L10009_2,L10009_1,L10009_0",406.85666666666674,60,0.0,64.91333333333333,60,2,NaN
08:51:06,L10009,427.63,3,"L10009_2,L10009_1,L10009_0",406.85666666666674,60,0.0,64.91333333333333,60,2,NaN
08:51:08,L10009,427.63,3,"L10009_2,L10009_1,L10009_0",406.85666666666674,60,0.0,64.91333333333333,60,2,NaN
08:51:10,L10009,427.63,3,"L10009_2,L10009_1,L10009_0",406.85666666666674,60,0.0,64.91333333333333,60,2,NaN
08:51:12,L10009,427.63,3,"L10009_2,L10009_1,L10009_0",406.85666666666674,60,0.0,64.91333333333333,60,2,NaN
08:51:14,L10009,427.63,3,"L10009_2,L10009_1,L10009_0",406.85666666666674,60,0.0,64.91333333333333,60,2,NaN
08:51:16,L10009,427.63,3,"L10009_2,L10009_1,L10009_0",406.85666666666674,60,0.0,64.91333333333333,60,2,NaN
08:51:18,L10009,427.63,3,"L10009_2,L10009_1,L10009_0",406.85666666666674,60,0.0,64.91333333333333,60,2,NaN
08:51:20,L10009,427.63,3,"L10009_2,L10009_1,L10009_0",406.85666666666674,60,0.0,64.91333333333333,60,2,NaN
08:51:22,L10009,427.63,3,"L10009_2,L10009_1,L10009_0",406.85666666666674,60,0.0,64.91333333333333,60,2,NaN
08:51:24,L10009,427.63,3,"L10009_2,L10009_1,L10009_0",406.85666666666674,60,0.0,64.91333333333333,60,2,NaN
08:51:26,L10009,427.63,3,"L10009_2,L10009_1,L10009_0",406.85666666666674,60,0.0,64.91333333333333,60,2,NaN
08:51:28,L10009,427.63,3,"L10009_2,L10009_1,L10009_0",406.85666666666674,60,0.0,64.91333333333333,60,2,NaN
08:51:30,L10009,427.63,3,"L10009_2,L10009_1,L10009_0",406.85666666666674,60,0.0,64.91333333333333,60,2,NaN
08:51:32,L10009,427.63,3,"L10009_2,L10009_1,L10009_0",406.85666666666674,60,0.0,64.91333333333333,60,2,NaN
08:51:34,L10009,427.63,3,"L10009_2,L10009_1,L10009_0",406.85666666666674,60,0.0,64.91333333333333,60,2,NaN
08:51:36,L10009,427.63,3,"L10009_2,L10009_1,L10009_0",406.85666666666674,60,0.0,64.91333333333333,60,2,NaN
08:51:38,L10009,427.63,3,"L10009_2,L10009_1,L10009_0",406.85666666666674,60,0.0,64.91333333333333,60,2,NaN
08:51:40,L10009,427.63,3,"L10009_2,L10009_1,L10009_0",406.85666666666674,60,0.0,64.91333333333333,60,2,NaN
08:51:42,L10009,427.63,3,"L10009_2,L10009_1,L10009_0",406.85666666666674,60,0.0,64.91333333333333,60,2,NaN
08:51:44,L10009,427.63,3,"L10009_2,L10009_1,L10009_0",406.85666666666674,60,0.0,64.91333333333333,60,2,NaN
08:51:46,L10009,427.63,3,"L10009_2,L10009_1,L10009_0",406.85666666666674,60,0.0,64.91333333333333,60,2,NaN
08:51:48,L10009,427.63,3,"L10009_2,L10009_1,L10009_0",406.85666666666674,60,0.0,64.91333333333333,60,2,NaN
08:51:50,L10009,427.63,3,"L10009_2,L10009_1,L10009_0",406.85666666666674,60,0.0,64.91333333333333,60,2,NaN
08:51:52,L10009,427.63,3,"L10009_2,L10009_1,L10009_0",406.85666666666674,60,0.0,64.91333333333333,60,2,NaN
08:51:54,L10009,427.63,3,"L10009_2,L10009_1,L10009_0",406.85666666666674,60,0.0,64.91333333333333,60,2,NaN
08:51:56,L10009,427.63,3,"L10009_2,L10009_1,L10009_0",406.85666666666674,60,0.0,64.91333333333333,60,2,NaN
08:51:58,L10009,427.63,3,"L10009_2,L10009_1,L10009_0",406.85666666666674,60,0.0,64.91333333333333,60,2,NaN
08:52:00,L10009,427.63,3,"L10009_2,L10009_1,L10009_0",406.85666666666674,60,0.0,64.91333333333333,60,2,NaN
08:52:02,L10009,427.63,3,"L10009_2,L10009_1,L10009_0",406.85666666666674,60,0.0,64.91333333333333,60,2,NaN
08:52:04,L10009,427.63,3,"L10009_2,L10009_1,L10009_0",406.85666666666674,60,0.0,64.91333333333333,60,2,NaN
08:52:06,L10009,427.63,3,"L10009_2,L10009_1,L10009_0",406.85666666666674,60,0.0,64.91333333333333,60,2,NaN
08:52:08,L10009,427.63,3,"L10009_2,L10009_1,L10009_0",406.85666666666674,60,0.0,64.91333333333333,60,2,NaN
08:52:10,L10009,427.63,3,"L10009_2,L10009_1,L10009_0",406.85666666666674,60,0.0,64.91333333333333,60,2,NaN
08:52:12,L10009,427.63,3,"L10009_2,L10009_1,L10009_0",406.85666666666674,60,0.0,64.91333333333333,60,2,NaN
08:52:14,L10009,427.63,3,"L10009_2,L10009_1,L10009_0",406.85666666666674,60,0.0,64.91333333333333,60,2,NaN
08:52:16,L10009,427.63,3,"L10009_2,L10009_1,L10009_0",406.85666666666674,60,0.0,64.91333333333333,60,2,NaN
08:52:18,L10009,427.63,3,"L10009_2,L10009_1,L10009_0",406.85666666666674,60,0.0,64.91333333333333,60,2,NaN
08:52:20,L10009,427.63,3,"L10009_2,L10009_1,L10009_0",406.85666666666674,60,0.0,64.91333333333333,60,2,NaN
08:52:22,L10009,427.63,3,"L10009_2,L10009_1,L10009_0",406.85666666666674,60,0.0,64.91333333333333,60,2,NaN
08:52:24,L10009,427.63,3,"L10009_2,L10009_1,L10009_0",406.85666666666674,60,0.0,64.91333333333333,60,2,NaN
08:52:26,L10009,427.63,3,"L10009_2,L10009_1,L10009_0",406.85666666666674,60,0.0,64.91333333333333,60,2,NaN
08:52:28,L10009,427.63,3,"L10009_2,L10009_1,L10009_0",406.85666666666674,60,0.0,64.91333333333333,60,2,NaN
08:52:30,L10009,427.63,3,"L10009_2,L10009_1,L10009_0",406.85666666666674,60,0.0,64.91333333333333,60,2,NaN
08:52:32,L10009,427.63,3,"L10009_2,L10009_1,L10009_0",406.85666666666674,60,0.0,64.91333333333333,60,2,NaN
08:52:34,L10009,427.63,3,"L10009_2,L10009_1,L10009_0",406.85666666666674,60,0.0,64.91333333333333,60,2,NaN
08:52:36,L10009,427.63,3,"L10009_2,L10009_1,L10009_0",406.85666666666674,60,0.0,64.91333333333333,60,2,NaN
08:52:38,L10009,427.63,3,"L10009_2,L10009_1,L10009_0",406.85666666666674,60,0.0,64.91333333333333,60,2,NaN
08:52:40,L10009,427.63,3,"L10009_2,L10009_1,L10009_0",406.85666666666674,60,0.0,64.91333333333333,60,2,NaN
08:52:42,L10009,427.63,3,"L10009_2,L10009_1,L10009_0",406.85666666666674,60,0.0,64.91333333333333,60,2,NaN
08:52:44,L10009,427.63,3,"L10009_2,L10009_1,L10009_0",406.85666666666674,60,0.0,64.91333333333333,60,2,NaN
08:52:46,L10009,427.63,3,"L10009_2,L10009_1,L10009_0",406.85666666666674,60,0.0,64.91333333333333,60,2,NaN
08:52:48,L10009,427.63,3,"L10009_2,L10009_1,L10009_0",406.85666666666674,60,0.0,64.91333333333333,60,2,NaN
08:52:50,L10009,427.63,3,"L10009_2,L10009_1,L10009_0",406.85666666666674,60,0.0,64.91333333333333,60,2,NaN
08:52:52,L10009,427.63,3,"L10009_2,L10009_1,L10009_0",406.85666666666674,60,0.0,64.91333333333333,60,2,NaN
08:52:54,L10009,427.63,3,"L10009_2,L10009_1,L10009_0",406.85666666666674,60,0.0,64.91333333333333,60,2,NaN
08:52:56,L10009,427.63,3,"L10009_2,L10009_1,L10009_0",406.85666666666674,60,0.0,64.91333333333333,60,2,NaN
08:52:58,L10009,427.63,3,"L10009_2,L10009_1,L10009_0",406.85666666666674,60,0.0,64.91333333333333,60,2,NaN
08:53:00,L10009,427.63,3,"L10009_2,L10009_1,L10009_0",406.85666666666674,60,0.0,64.91333333333333,60,2,NaN
08:53:02,L10009,427.63,3,"L10009_2,L10009_1,L10009_0",406.85666666666674,60,0.0,64.91333333333333,60,2,NaN
08:53:04,L10009,427.63,3,"L10009_2,L10009_1,L10009_0",406.85666666666674,60,0.0,64.91333333333333,60,2,NaN
08:53:06,L10009,427.63,3,"L10009_2,L10009_1,L10009_0",406.85666666666674,60,0.0,64.91333333333333,60,2,NaN
08:53:08,L10009,427.63,3,"L10009_2,L10009_1,L10009_0",406.85666666666674,60,0.0,64.91333333333333,60,2,NaN
08:53:10,L10009,427.63,3,"L10009_2,L10009_1,L10009_0",406.85666666666674,60,0.0,64.91333333333333,60,2,NaN
08:53:12,L10009,427.63,3,"L10009_2,L10009_1,L10009_0",406.85666666666674,60,0.0,64.91333333333333,60,2,NaN
08:53:14,L10009,427.63,3,"L10009_2,L10009_1,L10009_0",406.85666666666674,60,0.0,64.91333333333333,60,2,NaN
08:53:16,L10009,427.63,3,"L10009_2,L10009_1,L10009_0",406.85666666666674,60,0.0,64.91333333333333,60,2,NaN
08:53:18,L10009,427.63,3,"L10009_2,L10009_1,L10009_0",406.85666666666674,60,0.0,64.91333333333333,60,2,NaN
08:53:20,L10009,427.63,3,"L10009_2,L10009_1,L10009_0",406.85666666666674,60,0.0,64.91333333333333,60,2,NaN
08:53:22,L10009,427.63,3,"L10009_2,L10009_1,L10009_0",406.85666666666674,60,0.0,64.91333333333333,60,2,NaN
08:53:24,L10009,427.63,3,"L10009_2,L10009_1,L10009_0",406.85666666666674,60,0.0,64.91333333333333,60,2,NaN
08:53:26,L10009,427.63,3,"L10009_2,L10009_1,L10009_0",406.85666666666674,60,0.0,64.91333333333333,60,2,NaN
08:53:28,L10009,427.63,3,"L10009_2,L10009_1,L10009_0",406.85666666666674,60,0.0,64.91333333333333,60,2,NaN
08:53:30,L10009,427.63,3,"L10009_2,L10009_1,L10009_0",406.85666666666674,60,0.0,64.91333333333333,60,2,NaN
08:53:32,L10009,427.63,3,"L10009_2,L10009_1,L10009_0",406.85666666666674,60,0.0,64.91333333333333,60,2,NaN
08:53:34,L10009,427.63,3,"L10009_2,L10009_1,L10009_0",406.85666666666674,60,0.0,64.91333333333333,60,2,NaN
08:53:36,L10009,427.63,3,"L10009_2,L10009_1,L10009_0",406.85666666666674,60,0.0,64.91333333333333,60,2,NaN
08:53:38,L10009,427.63,3,"L10009_2,L10009_1,L10009_0",406.85666666666674,60,0.0,64.91333333333333,60,2,NaN
08:53:40,L10009,427.63,3,"L10009_2,L10009_1,L10009_0",406.85666666666674,60,0.0,64.91333333333333,60,2,NaN
08:53:42,L10009,427.63,3,"L10009_2,L10009_1,L10009_0",406.85666666666674,60,0.0,64.91333333333333,60,2,NaN
08:53:44,L10009,427.63,3,"L10009_2,L10009_1,L10009_0",406.85666666666674,60,0.0,64.91333333333333,60,2,NaN
08:53:46,L10009,427.63,3,"L10009_2,L10009_1,L10009_0",406.85666666666674,60,0.0,64.91333333333333,60,2,NaN
08:53:48,L10009,427.63,3,"L10009_2,L10009_1,L10009_0",406.85666666666674,60,0.0,64.91333333333333,60,2,NaN
08:53:50,L10009,427.63,3,"L10009_2,L10009_1,L10009_0",406.85666666666674,60,0.0,64.91333333333333,60,2,NaN
08:53:52,L10009,427.63,3,"L10009_2,L10009_1,L10009_0",406.85666666666674,60,0.0,64.91333333333333,60,2,NaN
08:53:54,L10009,427.63,3,"L10009_2,L10009_1,L10009_0",406.85666666666674,60,0.0,64.91333333333333,60,2,NaN
08:53:56,L10009,427.63,3,"L10009_2,L10009_1,L10009_0",406.85666666666674,60,0.0,64.91333333333333,60,2,NaN
08:53:58,L10009,427.63,3,"L10009_2,L10009_1,L10009_0",406.85666666666674,60,0.0,64.91333333333333,60,2,NaN
08:54:00,L10009,427.63,3,"L10009_2,L10009_1,L10009_0",406.85666666666674,60,0.0,64.91333333333333,60,2,NaN
08:54:02,L10009,427.63,3,"L10009_2,L10009_1,L10009_0",406.85666666666674,60,0.0,64.91333333333333,60,2,NaN
08:54:04,L10009,427.63,3,"L10009_2,L10009_1,L10009_0",406.85666666666674,60,0.0,64.91333333333333,60,2,NaN
08:54:06,L10009,427.63,3,"L10009_2,L10009_1,L10009_0",406.85666666666674,60,0.0,64.91333333333333,60,2,NaN
08:54:08,L10009,427.63,3,"L10009_2,L10009_1,L10009_0",406.85666666666674,60,0.0,64.91333333333333,60,2,NaN
08:54:10,L10009,427.63,3,"L10009_2,L10009_1,L10009_0",406.85666666666674,60,0.0,64.91333333333333,60,2,NaN
08:54:12,L10009,427.63,3,"L10009_2,L10009_1,L10009_0",406.85666666666674,60,0.0,64.91333333333333,60,2,NaN
08:54:14,L10009,427.63,3,"L10009_2,L10009_1,L10009_0",406.85666666666674,60,0.0,64.91333333333333,60,2,NaN
08:54:16,L10009,427.63,3,"L10009_2,L10009_1,L10009_0",406.85666666666674,60,0.0,64.91333333333333,60,2,NaN
08:54:18,L10009,427.63,3,"L10009_2,L10009_1,L10009_0",406.85666666666674,60,0.0,64.91333333333333,60,2,NaN
08:54:20,L10009,427.63,3,"L10009_2,L10009_1,L10009_0",406.85666666666674,60,0.0,64.91333333333333,60,2,NaN
08:54:22,L10009,427.63,3,"L10009_2,L10009_1,L10009_0",406.85666666666674,60,0.0,64.91333333333333,60,2,NaN
08:54:24,L10009,427.63,3,"L10009_2,L10009_1,L10009_0",406.85666666666674,60,0.0,64.91333333333333,60,2,NaN
08:54:26,L10009,427.63,3,"L10009_2,L10009_1,L10009_0",406.85666666666674,60,0.0,64.91333333333333,60,2,NaN
08:54:28,L10009,427.63,3,"L10009_2,L10009_1,L10009_0",406.85666666666674,60,0.0,64.91333333333333,60,2,NaN
08:54:30,L10009,427.63,3,"L10009_2,L10009_1,L10009_0",406.85666666666674,60,0.0,64.91333333333333,60,2,NaN
08:54:32,L10009,427.63,3,"L10009_2,L10009_1,L10009_0",406.85666666666674,60,0.0,64.91333333333333,60,2,NaN
08:54:34,L10009,427.63,3,"L10009_2,L10009_1,L10009_0",406.85666666666674,60,0.0,64.91333333333333,60,2,NaN
08:54:36,L10009,427.63,3,"L10009_2,L10009_1,L10009_0",406.85666666666674,60,0.0,64.91333333333333,60,2,NaN
08:54:38,L10009,427.63,3,"L10009_2,L10009_1,L10009_0",406.85666666666674,60,0.0,64.91333333333333,60,2,NaN
08:54:40,L10009,427.63,3,"L10009_2,L10009_1,L10009_0",406.85666666666674,60,0.0,64.91333333333333,60,2,NaN
08:54:42,L10009,427.63,3,"L10009_2,L10009_1,L10009_0",406.85666666666674,60,0.0,64.91333333333333,60,2,NaN
08:54:44,L10009,427.63,3,"L10009_2,L10009_1,L10009_0",406.85666666666674,60,0.0,64.91333333333333,60,2,NaN
08:54:46,L10009,427.63,3,"L10009_2,L10009_1,L10009_0",406.85666666666674,60,0.0,64.91333333333333,60,2,NaN
08:54:48,L10009,427.63,3,"L10009_2,L10009_1,L10009_0",406.85666666666674,60,0.0,64.91333333333333,60,2,NaN
08:54:50,L10009,427.63,3,"L10009_2,L10009_1,L10009_0",406.85666666666674,60,0.0,64.91333333333333,60,2,NaN
08:54:52,L10009,427.63,3,"L10009_2,L10009_1,L10009_0",406.85666666666674,60,0.0,64.91333333333333,60,2,NaN
08:54:54,L10009,427.63,3,"L10009_2,L10009_1,L10009_0",406.85666666666674,60,0.0,64.91333333333333,60,2,NaN
08:54:56,L10009,427.63,3,"L10009_2,L10009_1,L10009_0",406.85666666666674,60,0.0,64.91333333333333,60,2,NaN
08:54:58,L10009,427.63,3,"L10009_2,L10009_1,L10009_0",406.85666666666674,60,0.0,64.91333333333333,60,2,NaN
08:55:00,L10009,427.63,3,"L10009_2,L10009_1,L10009_0",406.85666666666674,60,0.0,64.91333333333333,60,2,NaN
08:55:02,L10009,427.63,3,"L10009_2,L10009_1,L10009_0",406.85666666666674,60,0.0,64.91333333333333,60,2,NaN
08:55:04,L10009,427.63,3,"L10009_2,L10009_1,L10009_0",406.85666666666674,60,0.0,64.91333333333333,60,2,NaN
08:55:06,L10009,427.63,3,"L10009_2,L10009_1,L10009_0",406.85666666666674,60,0.0,64.91333333333333,60,2,NaN
08:55:08,L10009,427.63,3,"L10009_2,L10009_1,L10009_0",406.85666666666674,60,0.0,64.91333333333333,60,2,NaN
08:55:10,L10009,427.63,3,"L10009_2,L10009_1,L10009_0",406.85666666666674,60,0.0,64.91333333333333,60,2,NaN
08:55:12,L10009,427.63,3,"L10009_2,L10009_1,L10009_0",406.85666666666674,60,0.0,64.91333333333333,60,2,NaN
08:55:14,L10009,427.63,3,"L10009_2,L10009_1,L10009_0",406.85666666666674,60,0.0,64.91333333333333,60,2,NaN
08:55:16,L10009,427.63,3,"L10009_2,L10009_1,L10009_0",406.85666666666674,60,0.0,64.91333333333333,60,2,NaN
08:55:18,L10009,427.63,3,"L10009_2,L10009_1,L10009_0",406.85666666666674,60,0.0,64.91333333333333,60,2,NaN
08:55:20,L10009,427.63,3,"L10009_2,L10009_1,L10009_0",406.85666666666674,60,0.0,64.91333333333333,60,2,NaN
08:55:22,L10009,427.63,3,"L10009_2,L10009_1,L10009_0",406.85666666666674,60,0.0,64.91333333333333,60,2,NaN
08:55:24,L10009,427.63,3,"L10009_2,L10009_1,L10009_0",406.85666666666674,60,0.0,64.91333333333333,60,2,NaN
08:55:26,L10009,427.63,3,"L10009_2,L10009_1,L10009_0",406.85666666666674,60,0.0,64.91333333333333,60,2,NaN
08:55:28,L10009,427.63,3,"L10009_2,L10009_1,L10009_0",406.85666666666674,60,0.0,64.91333333333333,60,2,NaN
08:55:30,L10009,427.63,3,"L10009_2,L10009_1,L10009_0",406.85666666666674,60,0.0,64.91333333333333,60,2,NaN
08:55:32,L10009,427.63,3,"L10009_2,L10009_1,L10009_0",406.85666666666674,60,0.0,64.91333333333333,60,2,NaN
08:55:34,L10009,427.63,3,"L10009_2,L10009_1,L10009_0",406.85666666666674,60,0.0,64.91333333333333,60,2,NaN
08:55:36,L10009,427.63,3,"L10009_2,L10009_1,L10009_0",406.85666666666674,60,0.0,64.91333333333333,60,2,NaN
08:55:38,L10009,427.63,3,"L10009_2,L10009_1,L10009_0",406.85666666666674,60,0.0,64.91333333333333,60,2,NaN
08:55:40,L10009,427.63,3,"L10009_2,L10009_1,L10009_0",406.85666666666674,60,0.0,64.91333333333333,60,2,NaN
08:55:42,L10009,427.63,3,"L10009_2,L10009_1,L10009_0",406.85666666666674,60,0.0,64.91333333333333,60,2,NaN
08:55:44,L10009,427.63,3,"L10009_2,L10009_1,L10009_0",406.85666666666674,60,0.0,64.91333333333333,60,2,NaN
08:55:46,L10009,427.63,3,"L10009_2,L10009_1,L10009_0",406.85666666666674,60,0.0,64.91333333333333,60,2,NaN
08:55:48,L10009,427.63,3,"L10009_2,L10009_1,L10009_0",406.85666666666674,60,0.0,64.91333333333333,60,2,NaN
08:55:50,L10009,427.63,3,"L10009_2,L10009_1,L10009_0",406.85666666666674,60,0.0,64.91333333333333,60,2,NaN
08:55:52,L10009,427.63,3,"L10009_2,L10009_1,L10009_0",406.85666666666674,60,0.0,64.91333333333333,60,2,NaN
08:55:54,L10009,427.63,3,"L10009_2,L10009_1,L10009_0",406.85666666666674,60,0.0,64.91333333333333,60,2,NaN
08:55:56,L10009,427.63,3,"L10009_2,L10009_1,L10009_0",406.85666666666674,60,0.0,64.91333333333333,60,2,NaN
08:55:58,L10009,427.63,3,"L10009_2,L10009_1,L10009_0",406.85666666666674,60,0.0,64.91333333333333,60,2,NaN
08:56:00,L10009,427.63,3,"L10009_2,L10009_1,L10009_0",406.85666666666674,60,0.0,64.91333333333333,60,2,NaN
08:56:02,L10009,427.63,3,"L10009_2,L10009_1,L10009_0",406.85666666666674,60,0.0,64.91333333333333,60,2,NaN
08:56:04,L10009,427.63,3,"L10009_2,L10009_1,L10009_0",406.85666666666674,60,0.0,64.91333333333333,60,2,NaN
08:56:06,L10009,427.63,3,"L10009_2,L10009_1,L10009_0",406.85666666666674,60,0.0,64.91333333333333,60,2,NaN
08:56:08,L10009,427.63,3,"L10009_2,L10009_1,L10009_0",406.85666666666674,60,0.0,64.91333333333333,60,2,NaN
08:56:10,L10009,427.63,3,"L10009_2,L10009_1,L10009_0",406.85666666666674,60,0.0,64.91333333333333,60,2,NaN
08:56:12,L10009,427.63,3,"L10009_2,L10009_1,L10009_0",406.85666666666674,60,0.0,64.91333333333333,60,2,NaN
08:56:14,L10009,427.63,3,"L10009_2,L10009_1,L10009_0",406.85666666666674,60,0.0,64.91333333333333,60,2,NaN
08:56:16,L10009,427.63,3,"L10009_2,L10009_1,L10009_0",406.85666666666674,60,0.0,64.91333333333333,60,2,NaN
08:56:18,L10009,427.63,3,"L10009_2,L10009_1,L10009_0",406.85666666666674,60,0.0,64.91333333333333,60,2,NaN
08:56:20,L10009,427.63,3,"L10009_2,L10009_1,L10009_0",406.85666666666674,60,0.0,64.91333333333333,60,2,NaN
08:56:22,L10009,427.63,3,"L10009_2,L10009_1,L10009_0",406.85666666666674,60,0.0,64.91333333333333,60,2,NaN
08:56:24,L10009,427.63,3,"L10009_2,L10009_1,L10009_0",406.85666666666674,60,0.0,64.91333333333333,60,2,NaN
08:56:26,L10009,427.63,3,"L10009_2,L10009_1,L10009_0",406.85666666666674,60,0.0,64.91333333333333,60,2,NaN
08:56:28,L10009,427.63,3,"L10009_2,L10009_1,L10009_0",406.85666666666674,60,0.0,64.91333333333333,60,2,NaN
08:56:30,L10009,427.63,3,"L10009_2,L10009_1,L10009_0",406.85666666666674,60,0.0,64.91333333333333,60,2,NaN
08:56:32,L10009,427.63,3,"L10009_2,L10009_1,L10009_0",406.85666666666674,60,0.0,64.91333333333333,60,2,NaN
08:56:34,L10009,427.63,3,"L10009_2,L10009_1,L10009_0",406.85666666666674,60,0.0,64.91333333333333,60,2,NaN
08:56:36,L10009,427.63,3,"L10009_2,L10009_1,L10009_0",406.85666666666674,60,0.0,64.91333333333333,60,2,NaN
08:56:38,L10009,427.63,3,"L10009_2,L10009_1,L10009_0",406.85666666666674,60,0.0,64.91333333333333,60,2,NaN
08:56:40,L10009,427.63,3,"L10009_2,L10009_1,L10009_0",406.85666666666674,60,0.0,64.91333333333333,60,2,NaN
08:56:42,L10009,427.63,3,"L10009_2,L10009_1,L10009_0",406.85666666666674,60,0.0,64.91333333333333,60,2,NaN
08:56:44,L10009,427.63,3,"L10009_2,L10009_1,L10009_0",406.85666666666674,60,0.0,64.91333333333333,60,2,NaN
08:56:46,L10009,427.63,3,"L10009_2,L10009_1,L10009_0",406.85666666666674,60,0.0,64.91333333333333,60,2,NaN
08:56:48,L10009,427.63,3,"L10009_2,L10009_1,L10009_0",406.85666666666674,60,0.0,64.91333333333333,60,2,NaN
08:56:50,L10009,427.63,3,"L10009_2,L10009_1,L10009_0",406.85666666666674,60,0.0,64.91333333333333,60,2,NaN
08:56:52,L10009,427.63,3,"L10009_2,L10009_1,L10009_0",406.85666666666674,60,0.0,64.91333333333333,60,2,NaN
08:56:54,L10009,427.63,3,"L10009_2,L10009_1,L10009_0",406.85666666666674,60,0.0,64.91333333333333,60,2,NaN
08:56:56,L10009,427.63,3,"L10009_2,L10009_1,L10009_0",406.85666666666674,60,0.0,64.91333333333333,60,2,NaN
08:56:58,L10009,427.63,3,"L10009_2,L10009_1,L10009_0",406.85666666666674,60,0.0,64.91333333333333,60,2,NaN
08:57:00,L10009,427.63,3,"L10009_2,L10009_1,L10009_0",406.85666666666674,60,0.0,64.91333333333333,60,2,NaN
08:57:02,L10009,427.63,3,"L10009_2,L10009_1,L10009_0",406.85666666666674,60,0.0,64.91333333333333,60,2,NaN
08:57:04,L10009,427.63,3,"L10009_2,L10009_1,L10009_0",406.85666666666674,60,0.0,64.91333333333333,60,2,NaN
08:57:06,L10009,427.63,3,"L10009_2,L10009_1,L10009_0",406.85666666666674,60,0.0,64.91333333333333,60,2,NaN
08:57:08,L10009,427.63,3,"L10009_2,L10009_1,L10009_0",406.85666666666674,60,0.0,64.91333333333333,60,2,NaN
08:57:10,L10009,427.63,3,"L10009_2,L10009_1,L10009_0",406.85666666666674,60,0.0,64.91333333333333,60,2,NaN
08:57:12,L10009,427.63,3,"L10009_2,L10009_1,L10009_0",406.85666666666674,60,0.0,64.91333333333333,60,2,NaN
08:57:14,L10009,427.63,3,"L10009_2,L10009_1,L10009_0",406.85666666666674,60,0.0,64.91333333333333,60,2,NaN
08:57:16,L10009,427.63,3,"L10009_2,L10009_1,L10009_0",406.85666666666674,60,0.0,64.91333333333333,60,2,NaN
08:57:18,L10009,427.63,3,"L10009_2,L10009_1,L10009_0",406.85666666666674,60,0.0,64.91333333333333,60,2,NaN
08:57:20,L10009,427.63,3,"L10009_2,L10009_1,L10009_0",406.85666666666674,60,0.0,64.91333333333333,60,2,NaN
08:57:22,L10009,427.63,3,"L10009_2,L10009_1,L10009_0",406.85666666666674,60,0.0,64.91333333333333,60,2,NaN
08:57:24,L10009,427.63,3,"L10009_2,L10009_1,L10009_0",406.85666666666674,60,0.0,64.91333333333333,60,2,NaN
08:57:26,L10009,427.63,3,"L10009_2,L10009_1,L10009_0",406.85666666666674,60,0.0,64.91333333333333,60,2,NaN
08:57:28,L10009,427.63,3,"L10009_2,L10009_1,L10009_0",406.85666666666674,60,0.0,64.91333333333333,60,2,NaN
08:57:30,L10009,427.63,3,"L10009_2,L10009_1,L10009_0",406.85666666666674,60,0.0,64.91333333333333,60,2,NaN
08:57:32,L10009,427.63,3,"L10009_2,L10009_1,L10009_0",406.85666666666674,60,0.0,64.91333333333333,60,2,NaN
08:57:34,L10009,427.63,3,"L10009_2,L10009_1,L10009_0",406.85666666666674,60,0.0,64.91333333333333,60,2,NaN
08:57:36,L10009,427.63,3,"L10009_2,L10009_1,L10009_0",406.85666666666674,60,0.0,64.91333333333333,60,2,NaN
08:57:38,L10009,427.63,3,"L10009_2,L10009_1,L10009_0",406.85666666666674,60,0.0,64.91333333333333,60,2,NaN
08:57:40,L10009,427.63,3,"L10009_2,L10009_1,L10009_0",406.85666666666674,60,0.0,64.91333333333333,60,2,NaN
08:57:42,L10009,427.63,3,"L10009_2,L10009_1,L10009_0",406.85666666666674,60,0.0,64.91333333333333,60,2,NaN
08:57:44,L10009,427.63,3,"L10009_2,L10009_1,L10009_0",406.85666666666674,60,0.0,64.91333333333333,60,2,NaN
08:57:46,L10009,427.63,3,"L10009_2,L10009_1,L10009_0",406.85666666666674,60,0.0,64.91333333333333,60,2,NaN
08:57:48,L10009,427.63,3,"L10009_2,L10009_1,L10009_0",406.85666666666674,60,0.0,64.91333333333333,60,2,NaN
08:57:50,L10009,427.63,3,"L10009_2,L10009_1,L10009_0",406.85666666666674,60,0.0,64.91333333333333,60,2,NaN
08:57:52,L10009,427.63,3,"L10009_2,L10009_1,L10009_0",406.85666666666674,60,0.0,64.91333333333333,60,2,NaN
08:57:54,L10009,427.63,3,"L10009_2,L10009_1,L10009_0",406.85666666666674,60,0.0,64.91333333333333,60,2,NaN
08:57:56,L10009,427.63,3,"L10009_2,L10009_1,L10009_0",406.85666666666674,60,0.0,64.91333333333333,60,2,NaN
08:57:58,L10009,427.63,3,"L10009_2,L10009_1,L10009_0",406.85666666666674,60,0.0,64.91333333333333,60,2,NaN
08:58:00,L10009,427.63,3,"L10009_2,L10009_1,L10009_0",406.85666666666674,60,0.0,64.91333333333333,60,2,NaN
08:58:02,L10009,427.63,3,"L10009_2,L10009_1,L10009_0",406.85666666666674,60,0.0,64.91333333333333,60,2,NaN
08:58:04,L10009,427.63,3,"L10009_2,L10009_1,L10009_0",406.85666666666674,60,0.0,64.91333333333333,60,2,NaN
08:58:06,L10009,427.63,3,"L10009_2,L10009_1,L10009_0",406.85666666666674,60,0.0,64.91333333333333,60,2,NaN
08:58:08,L10009,427.63,3,"L10009_2,L10009_1,L10009_0",406.85666666666674,60,0.0,64.91333333333333,60,2,NaN
08:58:10,L10009,427.63,3,"L10009_2,L10009_1,L10009_0",406.85666666666674,60,0.0,64.91333333333333,60,2,NaN
08:58:12,L10009,427.63,3,"L10009_2,L10009_1,L10009_0",406.85666666666674,60,0.0,64.91333333333333,60,2,NaN
08:58:14,L10009,427.63,3,"L10009_2,L10009_1,L10009_0",406.85666666666674,60,0.0,64.91333333333333,60,2,NaN
08:58:16,L10009,427.63,3,"L10009_2,L10009_1,L10009_0",406.85666666666674,60,0.0,64.91333333333333,60,2,NaN
08:58:18,L10009,427.63,3,"L10009_2,L10009_1,L10009_0",406.85666666666674,60,0.0,64.91333333333333,60,2,NaN
08:58:20,L10009,427.63,3,"L10009_2,L10009_1,L10009_0",406.85666666666674,60,0.0,64.91333333333333,60,2,NaN
08:58:22,L10009,427.63,3,"L10009_2,L10009_1,L10009_0",406.85666666666674,60,0.0,64.91333333333333,60,2,NaN
08:58:24,L10009,427.63,3,"L10009_2,L10009_1,L10009_0",406.85666666666674,60,0.0,64.91333333333333,60,2,NaN
08:58:26,L10009,427.63,3,"L10009_2,L10009_1,L10009_0",406.85666666666674,60,0.0,64.91333333333333,60,2,NaN
08:58:28,L10009,427.63,3,"L10009_2,L10009_1,L10009_0",406.85666666666674,60,0.0,64.91333333333333,60,2,NaN
08:58:30,L10009,427.63,3,"L10009_2,L10009_1,L10009_0",406.85666666666674,60,0.0,64.91333333333333,60,2,NaN
08:58:32,L10009,427.63,3,"L10009_2,L10009_1,L10009_0",406.85666666666674,60,0.0,64.91333333333333,60,2,NaN
08:58:34,L10009,427.63,3,"L10009_2,L10009_1,L10009_0",406.85666666666674,60,0.0,64.91333333333333,60,2,NaN
08:58:36,L10009,427.63,3,"L10009_2,L10009_1,L10009_0",406.85666666666674,60,0.0,64.91333333333333,60,2,NaN
08:58:38,L10009,427.63,3,"L10009_2,L10009_1,L10009_0",406.85666666666674,60,0.0,64.91333333333333,60,2,NaN
08:58:40,L10009,427.63,3,"L10009_2,L10009_1,L10009_0",406.85666666666674,60,0.0,64.91333333333333,60,2,NaN
08:58:42,L10009,427.63,3,"L10009_2,L10009_1,L10009_0",406.85666666666674,60,0.0,64.91333333333333,60,2,NaN
08:58:44,L10009,427.63,3,"L10009_2,L10009_1,L10009_0",406.85666666666674,60,0.0,64.91333333333333,60,2,NaN
08:58:46,L10009,427.63,3,"L10009_2,L10009_1,L10009_0",406.85666666666674,60,0.0,64.91333333333333,60,2,NaN
08:58:48,L10009,427.63,3,"L10009_2,L10009_1,L10009_0",406.85666666666674,60,0.0,64.91333333333333,60,2,NaN
08:58:50,L10009,427.63,3,"L10009_2,L10009_1,L10009_0",406.85666666666674,60,0.0,64.91333333333333,60,2,NaN
08:58:52,L10009,427.63,3,"L10009_2,L10009_1,L10009_0",406.85666666666674,60,0.0,64.91333333333333,60,2,NaN
08:58:54,L10009,427.63,3,"L10009_2,L10009_1,L10009_0",406.85666666666674,60,0.0,64.91333333333333,60,2,NaN
08:58:56,L10009,427.63,3,"L10009_2,L10009_1,L10009_0",406.85666666666674,60,0.0,64.91333333333333,60,2,NaN
08:58:58,L10009,427.63,3,"L10009_2,L10009_1,L10009_0",406.85666666666674,60,0.0,64.91333333333333,60,2,NaN
08:59:00,L10009,427.63,3,"L10009_2,L10009_1,L10009_0",406.85666666666674,60,0.0,64.91333333333333,60,2,NaN
08:59:02,L10009,427.63,3,"L10009_2,L10009_1,L10009_0",406.85666666666674,60,0.0,64.91333333333333,60,2,NaN
08:59:04,L10009,427.63,3,"L10009_2,L10009_1,L10009_0",406.85666666666674,60,0.0,64.91333333333333,60,2,NaN
08:59:06,L10009,427.63,3,"L10009_2,L10009_1,L10009_0",406.85666666666674,60,0.0,64.91333333333333,60,2,NaN
08:59:08,L10009,427.63,3,"L10009_2,L10009_1,L10009_0",406.85666666666674,60,0.0,64.91333333333333,60,2,NaN
08:59:10,L10009,427.63,3,"L10009_2,L10009_1,L10009_0",406.85666666666674,60,0.0,64.91333333333333,60,2,NaN
08:59:12,L10009,427.63,3,"L10009_2,L10009_1,L10009_0",406.85666666666674,60,0.0,64.91333333333333,60,2,NaN
08:59:14,L10009,427.63,3,"L10009_2,L10009_1,L10009_0",406.85666666666674,60,0.0,64.91333333333333,60,2,NaN
08:59:16,L10009,427.63,3,"L10009_2,L10009_1,L10009_0",406.85666666666674,60,0.0,64.91333333333333,60,2,NaN
08:59:18,L10009,427.63,3,"L10009_2,L10009_1,L10009_0",406.85666666666674,60,0.0,64.91333333333333,60,2,NaN
08:59:20,L10009,427.63,3,"L10009_2,L10009_1,L10009_0",406.85666666666674,60,0.0,64.91333333333333,60,2,NaN
08:59:22,L10009,427.63,3,"L10009_2,L10009_1,L10009_0",406.85666666666674,60,0.0,64.91333333333333,60,2,NaN
08:59:24,L10009,427.63,3,"L10009_2,L10009_1,L10009_0",406.85666666666674,60,0.0,64.91333333333333,60,2,NaN
08:59:26,L10009,427.63,3,"L10009_2,L10009_1,L10009_0",406.85666666666674,60,0.0,64.91333333333333,60,2,NaN
08:59:28,L10009,427.63,3,"L10009_2,L10009_1,L10009_0",406.85666666666674,60,0.0,64.91333333333333,60,2,NaN
08:59:30,L10009,427.63,3,"L10009_2,L10009_1,L10009_0",406.85666666666674,60,0.0,64.91333333333333,60,2,NaN
08:59:32,L10009,427.63,3,"L10009_2,L10009_1,L10009_0",406.85666666666674,60,0.0,64.91333333333333,60,2,NaN
08:59:34,L10009,427.63,3,"L10009_2,L10009_1,L10009_0",406.85666666666674,60,0.0,64.91333333333333,60,2,NaN
08:59:36,L10009,427.63,3,"L10009_2,L10009_1,L10009_0",406.85666666666674,60,0.0,64.91333333333333,60,2,NaN
08:59:38,L10009,427.63,3,"L10009_2,L10009_1,L10009_0",406.85666666666674,60,0.0,64.91333333333333,60,2,NaN
08:59:40,L10009,427.63,3,"L10009_2,L10009_1,L10009_0",406.85666666666674,60,0.0,64.91333333333333,60,2,NaN
08:59:42,L10009,427.63,3,"L10009_2,L10009_1,L10009_0",406.85666666666674,60,0.0,64.91333333333333,60,2,NaN
08:59:44,L10009,427.63,3,"L10009_2,L10009_1,L10009_0",406.85666666666674,60,0.0,64.91333333333333,60,2,NaN
08:59:46,L10009,427.63,3,"L10009_2,L10009_1,L10009_0",406.85666666666674,60,0.0,64.91333333333333,60,2,NaN
08:59:48,L10009,427.63,3,"L10009_2,L10009_1,L10009_0",406.85666666666674,60,0.0,64.91333333333333,60,2,NaN
08:59:50,L10009,427.63,3,"L10009_2,L10009_1,L10009_0",406.85666666666674,60,0.0,64.91333333333333,60,2,NaN
08:59:52,L10009,427.63,3,"L10009_2,L10009_1,L10009_0",406.85666666666674,60,0.0,64.91333333333333,60,2,NaN
08:59:54,L10009,427.63,3,"L10009_2,L10009_1,L10009_0",406.85666666666674,60,0.0,64.91333333333333,60,2,NaN
08:59:56,L10009,427.63,3,"L10009_2,L10009_1,L10009_0",406.85666666666674,60,0.0,64.91333333333333,60,2,NaN
08:59:58,L10009,427.63,3,"L10009_2,L10009_1,L10009_0",406.85666666666674,60,0.0,64.91333333333333,60,2,NaN
09:00:00,L10009,427.63,3,"L10009_2,L10009_1,L10009_0",406.85666666666674,60,0.0,64.91333333333333,60,2,NaN
09:00:01,L10009,427.63,3,"L10009_2,L10009_1,L10009_0",406.85666666666674,60,0.0,64.91333333333333,60,2,NaN
